2
16
23
9
12
20
15
6
24
0
16
2
0
4
11
22
17
24
6
4
15
16
11
8
21
4
0
15
21
24
15
9
10
13
21
2
14
14
8
17
19
5
11
10
15
3
11
17
4
3
22
10
24
21
21
10
1
9
11
11
22
16
22
5
6
24
21
12
18
21
10
12
23
19
23
1
14
5
0
15
0
3
10
6
1
5
13
4
5
11
22
1
24
6
8
22
2
22
7
14
13
7
17
4
21
1
19
12
22
10
17
16
6
9
18
24
17
21
5
6
11
12
0
11
23
6
7
18
15
3
18
4
15
8
18
16
21
11
15
2
17
5
19
16
12
6
8
6
20
4
12
14
13
21
18
10
11
3
2
0
5
11
5
11
0
4
13
8
6
16
24
7
10
3
17
10
19
11
22
20
6
10
4
16
12
12
24
20
22
19
17
0
8
10
1
5
23
24
5
13
12
21
21
10
20
11
18
8
24
15
5
4
11
8
10
14
12
3
15
0
15
6
8
23
5
11
7
19
3
12
17
21
4
17
24
7
17
15
14
3
8
11
17
14
17
22
9
0
9
11
12
9
2
2
12
21
8
7
7
15
24
22
14
23
18
3
1
16
23
11
24
5
11
21
5
20
20
1
1
5
17
6
4
18
24
6
21
3
13
17
3
9
1
12
24
12
7
18
5
1
7
23
3
4
16
3
18
19
4
24
7
15
3
11
19
2
21
5
7
8
24
20
10
16
4
2
0
13
11
6
16
8
5
6
1
12
5
2
22
19
1
10
1
12
0
16
11
19
20
21
6
16
19
7
2
1
9
6
21
19
15
6
8
0
19
0
17
7
18
7
19
2
19
10
20
24
18
24
22
11
11
10
13
17
23
4
13
9
14
3
16
22
4
11
11
4
18
1
4
21
6
15
21
5
19
17
19
0
2
2
24
0
24
23
12
11
4
2
20
3
15
2
17
10
9
5
20
4
24
10
4
24
3
13
17
12
1
23
12
13
2
3
23
13
0
8
10
1
22
9
21
5
12
17
19
5
20
12
8
11
4
22
6
16
0
4
3
18
15
22
19
21
3
8
1
4
4
15
3
4
15
10
21
17
0
9
18
6
19
21
24
4
3
20
20
19
1
13
16
14
18
9
8
10
9
12
21
15
2
18
22
20
8
12
1
20
3
9
18
3
24
18
8
4
21
6
0
4
22
12
0
12
6
11
15
23
11
6
7
12
20
8
13
4
6
23
19
20
9
15
20
0
24
20
7
0
15
24
5
17
13
8
3
21
22
13
0
18
5
4
2
16
14
12
0
14
8
8
24
20
24
5
12
16
16
7
11
22
1
12
15
15
24
7
19
21
7
14
13
3
18
2
4
22
1
16
24
12
5
11
21
11
21
16
18
17
6
0
21
13
21
2
14
15
2
24
17
20
8
18
23
13
5
0
6
14
23
0
22
20
8
12
17
22
0
13
20
2
10
22
9
4
18
24
3
18
15
22
12
10
22
6
2
22
18
21
19
15
8
7
16
24
22
11
16
23
3
3
6
12
11
17
21
23
17
24
21
13
14
2
9
23
10
14
4
17
11
7
14
19
22
2
22
13
18
9
10
10
23
3
12
14
11
15
13
5
17
11
2
7
19
14
7
3
8
13
23
4
1
2
2
2
10
19
10
10
15
19
18
17
9
5
20
20
11
24
11
12
13
22
21
18
21
9
13
20
21
9
3
8
1
11
6
8
15
21
0
21
0
5
11
19
5
0
12
14
12
19
17
22
5
23
21
3
7
15
20
21
9
2
21
2
16
14
15
20
21
11
0
0
1
24
0
6
20
10
14
5
13
19
12
13
15
11
1
9
8
14
14
15
21
4
12
17
1
16
3
6
3
0
24
2
22
8
17
22
20
20
8
15
21
23
20
23
7
9
2
5
1
7
22
3
7
11
13
8
11
1
13
21
21
8
8
2
16
12
6
0
1
19
14
20
4
4
22
2
16
22
6
16
10
11
0
17
15
12
3
17
8
12
17
19
23
13
20
4
22
24
17
11
24
5
6
12
23
9
24
12
14
2
14
14
15
6
2
16
17
21
24
3
16
1
6
15
5
0
7
2
8
4
19
8
19
13
20
20
4
6
1
23
14
1
3
17
23
2
1
17
17
12
4
2
14
8
6
3
2
18
24
10
16
18
3
20
1
19
13
24
4
0
7
20
6
8
19
21
9
5
15
2
13
8
3
18
21
1
7
8
14
6
24
19
1
13
2
6
19
22
23
1
18
4
4
17
7
14
6
9
20
9
11
3
18
10
13
5
11
14
20
22
14
16
8
5
3
10
8
16
21
18
8
0
4
10
16
20
13
1
8
24
12
19
0
5
12
4
2
23
7
12
9
18
21
6
4
20
15
7
18
24
10
13
12
18
1
6
14
0
2
22
13
9
6
8
15
6
16
15
18
5
23
6
14
14
17
10
13
8
21
10
15
11
21
22
10
20
23
7
11
19
5
17
23
20
19
11
9
4
20
13
17
11
7
11
9
7
4
12
10
14
9
20
6
5
20
2
1
8
12
12
8
19
17
22
18
0
16
9
16
15
18
23
3
12
21
2
0
6
15
15
11
17
16
23
0
19
24
13
21
1
19
23
6
24
7
15
14
14
10
2
5
4
5
4
10
22
11
24
2
3
0
15
8
24
21
10
8
10
22
8
19
2
17
22
