0.0002
0.0008
0.0039
0.0042
0.0061
0.0066
0.007
0.0073
0.0078
0.008
0.0103
0.014
0.0146
0.0177
0.0199
0.021
0.0219
0.022
0.0224
0.0225
0.0238
0.0238
0.0255
0.0259
0.0273
0.0278
0.0283
0.0292
0.0295
0.03
0.0315
0.035
0.0353
0.0376
0.0384
0.0402
0.0407
0.041
0.0423
0.0423
0.0425
0.0439
0.0444
0.0469
0.0472
0.0473
0.0478
0.048
0.0485
0.0488
0.0494
0.0495
0.0503
0.051
0.0512
0.0514
0.0518
0.0519
0.0522
0.0541
0.0543
0.0545
0.0566
0.0588
0.0615
0.0634
0.0636
0.0637
0.0654
0.0663
0.0665
0.0667
0.0669
0.067
0.0682
0.0684
0.0704
0.0719
0.077
0.08
0.0807
0.0826
0.0836
0.0843
0.0864
0.0865
0.0904
0.0907
0.0918
0.0926
0.093
0.0935
0.0936
0.095
0.0951
0.0952
0.0979
0.1
0.1012
0.1014
0.1023
0.105
0.106
0.107
0.1085
0.1087
0.1089
0.1122
0.1126
0.113
0.1131
0.1136
0.1147
0.1163
0.1176
0.1177
0.1178
0.121
0.1216
0.1224
0.1225
0.1227
0.1229
0.1234
0.1239
0.1245
0.1257
0.1268
0.1272
0.1275
0.1286
0.1287
0.13
0.1303
0.1305
0.1346
0.1347
0.1357
0.1382
0.1384
0.1386
0.1389
0.1394
0.1405
0.1409
0.1423
0.1435
0.144
0.1443
0.1445
0.1445
0.1445
0.1454
0.1509
0.1511
0.1528
0.153
0.1545
0.1552
0.1565
0.1577
0.1577
0.158
0.1585
0.16
0.1612
0.1612
0.1613
0.1614
0.1616
0.1631
0.1645
0.1648
0.1651
0.1651
0.1652
0.1659
0.1665
0.1681
0.1697
0.1703
0.1722
0.1733
0.1743
0.1745
0.1749
0.1759
0.1764
0.1768
0.1775
0.1781
0.1797
0.1801
0.1803
0.1816
0.182
0.184
0.1852
0.1858
0.1859
0.1861
0.1873
0.1882
0.1895
0.1896
0.1902
0.1905
0.1915
0.1915
0.1924
0.195
0.1962
0.1965
0.1969
0.1987
0.1999
0.2
0.2009
0.2024
0.2037
0.2055
0.2073
0.2075
0.2077
0.2101
0.2108
0.2124
0.2128
0.213
0.2131
0.2135
0.2136
0.215
0.2151
0.2155
0.216
0.2173
0.2181
0.2187
0.2189
0.2189
0.219
0.2195
0.2199
0.2239
0.2255
0.226
0.2265
0.2268
0.2269
0.2269
0.2279
0.2317
0.2332
0.2333
0.2348
0.2362
0.2363
0.2384
0.2384
0.239
0.2393
0.2404
0.2406
0.2413
0.2417
0.243
0.2443
0.2456
0.2458
0.2458
0.2461
0.2486
0.2503
0.2522
0.2524
0.2536
0.2541
0.2557
0.2558
0.2561
0.2562
0.2572
0.2586
0.2597
0.2607
0.261
0.2613
0.2613
0.2618
0.2636
0.2636
0.2654
0.2657
0.2664
0.267
0.2694
0.2695
0.2711
0.2722
0.2722
0.2746
0.2748
0.2749
0.2749
0.275
0.275
0.2751
0.2754
0.2755
0.2758
0.2776
0.2792
0.2793
0.2795
0.2824
0.2825
0.2839
0.2848
0.2862
0.2888
0.2889
0.2891
0.2901
0.2902
0.291
0.2935
0.2962
0.2965
0.297
0.2972
0.2977
0.2998
0.3004
0.3009
0.3012
0.3013
0.3014
0.3028
0.3038
0.3044
0.3047
0.3049
0.3064
0.3069
0.307
0.3082
0.309
0.3108
0.3118
0.3127
0.3128
0.3134
0.3141
0.3142
0.3178
0.3184
0.3188
0.3193
0.3213
0.3215
0.3217
0.3229
0.3247
0.3252
0.3256
0.328
0.3286
0.3288
0.3312
0.3319
0.3337
0.3337
0.3345
0.3345
0.335
0.3362
0.3365
0.3371
0.3375
0.3379
0.3393
0.3398
0.3399
0.3423
0.3427
0.3428
0.3429
0.3442
0.3449
0.3451
0.3457
0.3459
0.3459
0.3465
0.3468
0.3486
0.3489
0.3493
0.3504
0.3507
0.3509
0.3515
0.3517
0.3528
0.3551
0.3552
0.3573
0.3581
0.3607
0.3609
0.3631
0.3634
0.3635
0.3638
0.3642
0.3668
0.3671
0.3675
0.3686
0.3686
0.3688
0.3699
0.371
0.3718
0.3733
0.3736
0.3744
0.3755
0.3767
0.377
0.3777
0.3783
0.3794
0.3802
0.3805
0.3816
0.3823
0.3829
0.383
0.3833
0.3852
0.3855
0.3856
0.3879
0.3881
0.3889
0.3902
0.3902
0.3904
0.3916
0.3927
0.3942
0.3943
0.3943
0.3946
0.3957
0.3958
0.3962
0.3979
0.3982
0.3985
0.3989
0.4012
0.4033
0.4038
0.4039
0.404
0.4081
0.4088
0.409
0.4101
0.4125
0.4127
0.4147
0.4147
0.4157
0.4157
0.4178
0.4178
0.4186
0.4209
0.4211
0.4215
0.4216
0.4225
0.4227
0.4237
0.4241
0.4254
0.4259
0.4263
0.4266
0.4268
0.4281
0.4293
0.4298
0.4302
0.4323
0.4324
0.4344
0.4351
0.4358
0.4374
0.4386
0.4392
0.4395
0.4399
0.4401
0.4414
0.4422
0.4424
0.4436
0.444
0.4441
0.4445
0.4449
0.4451
0.4454
0.4456
0.4459
0.4462
0.4464
0.451
0.4536
0.4537
0.4541
0.4541
0.4554
0.4562
0.4563
0.4569
0.4574
0.4577
0.4579
0.4588
0.4591
0.4602
0.4604
0.4606
0.4608
0.4614
0.4621
0.4624
0.4632
0.4632
0.4634
0.4642
0.4643
0.4643
0.4645
0.4654
0.4666
0.4668
0.4679
0.4689
0.4694
0.4696
0.4704
0.4718
0.4723
0.4748
0.4755
0.4763
0.4771
0.4773
0.4781
0.4783
0.4789
0.4793
0.48
0.4805
0.4813
0.4819
0.483
0.4834
0.4837
0.4843
0.4847
0.4852
0.4852
0.4856
0.486
0.4867
0.4875
0.4876
0.4879
0.488
0.4886
0.4887
0.4905
0.4913
0.494
0.4949
0.4949
0.4951
0.4956
0.4958
0.4963
0.4969
0.4971
0.4976
0.498
0.498
0.5007
0.5011
0.502
0.5023
0.5033
0.5044
0.5045
0.5047
0.5048
0.505
0.5053
0.5056
0.506
0.5068
0.5073
0.5093
0.5101
0.512
0.5124
0.5124
0.5126
0.5142
0.5144
0.5155
0.5174
0.5174
0.5181
0.5182
0.519
0.5196
0.5197
0.5198
0.5207
0.521
0.521
0.5236
0.5251
0.5257
0.5263
0.5264
0.5278
0.5293
0.5293
0.5295
0.5298
0.5301
0.5326
0.5332
0.534
0.5345
0.5348
0.536
0.5381
0.5385
0.5388
0.5412
0.5425
0.5435
0.5441
0.5453
0.5464
0.5466
0.5471
0.5482
0.5508
0.552
0.5531
0.5546
0.5562
0.5572
0.5583
0.5601
0.5632
0.5642
0.5644
0.5662
0.5682
0.5686
0.5689
0.5702
0.5704
0.5705
0.5715
0.5717
0.5722
0.5723
0.5728
0.5733
0.5742
0.5747
0.575
0.5753
0.5756
0.5757
0.5772
0.5774
0.578
0.5782
0.5785
0.5787
0.5792
0.5799
0.5804
0.5815
0.583
0.5842
0.5843
0.5868
0.5872
0.5872
0.5874
0.5888
0.5891
0.5892
0.5895
0.5895
0.5903
0.5924
0.593
0.5931
0.5932
0.5937
0.5937
0.5942
0.5974
0.5977
0.5985
0.599
0.5991
0.5994
0.601
0.603
0.6041
0.606
0.6067
0.6086
0.609
0.6096
0.6101
0.6105
0.6106
0.6106
0.6115
0.6115
0.612
0.6124
0.6132
0.6135
0.6142
0.6154
0.6157
0.6162
0.618
0.6189
0.619
0.6199
0.6203
0.6204
0.6209
0.6215
0.6226
0.6254
0.6269
0.627
0.6304
0.6329
0.6335
0.6335
0.6365
0.6374
0.6383
0.6393
0.6394
0.6412
0.6416
0.6428
0.6439
0.645
0.646
0.6465
0.6472
0.6472
0.648
0.6486
0.6487
0.6493
0.6495
0.651
0.6523
0.6532
0.6537
0.6541
0.6566
0.6568
0.6571
0.6575
0.6575
0.6588
0.6592
0.6603
0.6611
0.6637
0.6642
0.6654
0.6671
0.6673
0.6675
0.6689
0.6691
0.6699
0.6708
0.6748
0.6751
0.6754
0.677
0.6785
0.6786
0.6789
0.6793
0.6808
0.6813
0.6815
0.6865
0.6871
0.6873
0.6884
0.6896
0.6911
0.6924
0.6925
0.6927
0.6935
0.6938
0.6958
0.6964
0.697
0.6972
0.6975
0.6984
0.7003
0.7007
0.7028
0.7035
0.7051
0.7057
0.7058
0.7082
0.7084
0.7096
0.7098
0.7102
0.7106
0.7109
0.712
0.7125
0.7134
0.7137
0.7161
0.7173
0.7176
0.7188
0.7192
0.7209
0.7219
0.7238
0.7243
0.7273
0.7274
0.7275
0.7279
0.7279
0.7281
0.7284
0.7311
0.7318
0.7325
0.7335
0.7335
0.7346
0.7348
0.7375
0.7383
0.739
0.74
0.7407
0.7421
0.7428
0.7454
0.7454
0.7457
0.7459
0.7471
0.7473
0.7481
0.7496
0.7523
0.7523
0.7527
0.7545
0.7548
0.7566
0.7572
0.758
0.7582
0.7585
0.7592
0.7597
0.7611
0.7614
0.7638
0.7641
0.7652
0.7653
0.7656
0.7656
0.7665
0.767
0.7674
0.7675
0.7675
0.7684
0.7705
0.772
0.7725
0.7731
0.7738
0.7739
0.774
0.7751
0.7752
0.7757
0.776
0.7784
0.7785
0.7824
0.7827
0.783
0.7846
0.7848
0.7853
0.7853
0.7854
0.7865
0.7868
0.7871
0.788
0.7903
0.7905
0.7905
0.7916
0.792
0.7932
0.7949
0.7958
0.7958
0.7969
0.7981
0.7983
0.7986
0.7989
0.8005
0.8005
0.801
0.801
0.8021
0.8024
0.804
0.8051
0.8052
0.8068
0.8073
0.8073
0.8075
0.8078
0.8079
0.8081
0.8092
0.8105
0.8135
0.8138
0.8155
0.8162
0.8169
0.8177
0.8193
0.8197
0.8204
0.8232
0.824
0.8241
0.8247
0.8264
0.8267
0.827
0.8272
0.8306
0.8312
0.8346
0.835
0.8355
0.8372
0.8378
0.8382
0.8397
0.84
0.8404
0.8406
0.8416
0.8436
0.8447
0.846
0.8466
0.8472
0.8478
0.8484
0.8484
0.8495
0.8509
0.8518
0.8535
0.854
0.8542
0.8553
0.8565
0.8566
0.8568
0.8585
0.859
0.863
0.8646
0.8649
0.868
0.87
0.8704
0.8711
0.8719
0.8727
0.8745
0.8746
0.8747
0.8749
0.8757
0.876
0.876
0.877
0.8779
0.8786
0.8798
0.8799
0.88
0.8804
0.8806
0.8818
0.8827
0.8834
0.8836
0.8843
0.8867
0.8872
0.8884
0.8892
0.8913
0.8913
0.8914
0.8916
0.8936
0.8938
0.8944
0.8946
0.8951
0.8964
0.8969
0.8974
0.8976
0.898
0.8982
0.9
0.9023
0.9037
0.9044
0.905
0.9054
0.9054
0.9056
0.9057
0.9079
0.9082
0.9088
0.9107
0.9153
0.916
0.916
0.9165
0.9181
0.9196
0.9206
0.9219
0.9235
0.9253
0.9264
0.9267
0.9278
0.9286
0.929
0.9299
0.9307
0.9308
0.9313
0.9327
0.9329
0.9333
0.9341
0.9351
0.9367
0.9374
0.9374
0.9379
0.9392
0.9398
0.9419
0.9424
0.9433
0.9436
0.9449
0.9451
0.9457
0.9481
0.9493
0.9497
0.9505
0.9514
0.9546
0.9547
0.9548
0.9559
0.9563
0.957
0.9574
0.9576
0.958
0.9593
0.9613
0.9623
0.9623
0.9628
0.964
0.9642
0.9649
0.9657
0.966
0.9664
0.9664
0.9676
0.9677
0.971
0.9712
0.9714
0.9724
0.9732
0.9763
0.9766
0.9772
0.9784
0.9791
0.9793
0.9796
0.9808
0.9812
0.9815
0.9816
0.9826
0.9834
0.9835
0.9838
0.9869
0.9871
0.988
0.9889
0.989
0.99
0.9917
0.9922
0.9949
0.9952
0.9958
0.9965
0.9968
0.998
0.9998
0.9999
