0.503123
5.48358
7.48652
3.0014
4.07413
2.36472
9.7708
5.36702
5.53927
2.94247
1.51733
8.24713
9.05517
4.79427
2.83119
2.85038
2.2886
3.57158
1.48284
8.17005
5.5769
8.52231
7.50168
1.24416
5.62059
1.74458
8.69399
4.91367
4.98374
4.77505
2.71801
0.617018
0.718744
9.93834
9.19667
7.96546
5.92279
7.80778
6.42392
3.77013
4.06852
3.03756
3.8415
6.58898
3.95591
1.00167
5.52225
1.99814
4.81128
3.62815
2.33142
1.11497
9.872
5.68783
1.34673
9.93637
4.62044
7.16486
2.27403
5.66517
9.95658
2.30464
7.00049
4.29414
4.6702
7.5967
2.19166
8.20243
8.15794
1.42588
0.782131
1.77272
6.55564
4.11316
2.86921
5.31388
5.451
1.48351
9.84419
3.81161
7.7991
3.02078
6.83121
9.19366
4.93061
4.68782
9.25358
4.93939
9.78369
3.54031
8.04476
8.72241
7.55508
5.79621
8.35432
5.54664
3.42023
3.76275
3.45759
4.74245
5.88429
6.69903
1.09774
5.15275
4.83427
0.59027
7.15988
4.18845
4.74549
9.39357
1.68894
4.56877
3.27896
4.40425
2.81487
3.97381
7.24724
9.38785
0.669277
5.04048
8.30514
5.56067
1.69684
4.30301
1.72364
8.21802
4.22102
1.22441
6.17747
3.69828
2.90927
4.17142
3.48369
6.35714
2.44007
3.20241
9.89667
2.36567
6.78746
5.38469
7.95334
1.70812
3.90231
2.61247
3.33873
2.09791
9.58609
7.39457
6.09844
5.41731
5.14818
3.97696
3.28629
4.20312
4.38062
4.57839
3.55815
3.85024
1.53198
7.42613
4.38886
0.596289
3.83635
5.59688
2.3217
8.76773
9.17247
9.66639
8.04722
2.7149
5.34422
2.3737
8.77728
8.21722
9.85436
3.77027
6.46989
6.90864
8.97811
1.66761
6.96013
9.96777
9.76889
1.73809
4.00678
0.884105
5.65735
2.15983
5.30011
1.98307
8.03367
2.87639
2.5571
3.70703
7.58157
4.43575
9.59561
5.96274
4.7928
6.55426
9.40338
5.18045
4.87105
1.31155
7.6566
1.93717
5.93287
6.25943
3.77014
4.19736
2.60994
8.24972
5.07543
6.66932
5.33623
1.04129
6.48741
6.90765
1.94464
8.11787
2.52642
0.969975
4.86577
7.51236
9.65551
5.58832
0.903947
6.6376
4.12234
5.23692
3.98719
4.11745
8.53537
8.53881
9.18863
5.75564
0.997261
7.46335
2.97723
6.34912
0.720143
4.9505
6.54518
8.85332
3.69807
8.89606
9.64754
4.78819
5.06482
8.9238
0.737422
0.850721
5.06745
5.70666
4.35186
5.67176
6.8152
6.04423
6.39949
1.73153
7.85932
8.15447
9.72497
4.61331
1.33794
4.69916
9.82702
9.70517
4.34326
3.64047
9.91171
8.07048
4.05158
3.41668
1.17542
9.32998
6.46946
9.26222
7.56147
8.5802
1.89302
5.01517
1.03771
3.31108
2.87764
4.57071
7.44552
7.35933
2.80303
4.57527
8.01353
6.43474
5.18686
8.11029
8.20608
3.05331
2.54485
6.75226
2.70691
4.11316
2.80088
6.42322
1.63874
6.23853
4.01982
1.68844
5.57608
4.19237
4.23394
9.35734
0.765718
1.42319
3.01063
7.10758
8.53689
5.49278
0.575059
8.0134
4.14474
1.73005
1.99302
4.17748
0.859647
3.08693
6.99755
2.39076
0.984807
7.15953
7.71535
1.40827
8.77826
5.72028
5.31402
7.79951
9.88259
3.24466
7.43793
3.22702
5.52706
6.81499
2.54188
4.31853
6.06061
6.21474
3.08636
6.95638
3.81824
5.12508
5.30248
3.71323
7.34098
7.88084
8.83133
4.65024
4.61457
3.50716
1.86926
4.68321
7.64236
9.60028
8.36624
6.46528
5.40968
0.548576
9.4085
5.72124
2.37872
7.56458
3.94653
4.74617
1.91544
1.84489
3.52343
9.3114
7.63882
7.07303
7.42269
3.71874
4.88603
5.93233
6.62168
2.57598
7.52519
6.79124
2.30039
2.19732
8.28074
3.88684
8.56934
9.41717
8.91381
3.92498
3.63384
3.03033
5.83009
7.87289
8.17306
8.56506
4.00283
1.11453
2.422
3.61769
6.96228
8.01862
6.42585
7.83528
3.05693
6.39196
8.25455
0.757406
4.22966
3.91512
8.86307
6.07625
3.05337
3.55624
9.68331
7.44929
4.28173
5.01182
1.69044
1.14392
2.4076
8.47541
7.64934
3.4743
0.591012
0.639172
2.55932
3.03262
6.28462
9.13881
4.43263
4.76631
7.91487
1.16131
9.62086
2.71284
8.64261
5.87103
2.39301
0.844532
5.55355
5.47044
5.19949
1.88025
8.8689
9.12204
7.67618
8.03608
5.43698
3.24719
2.59199
1.15737
9.91307
2.40255
9.22668
8.84666
5.85951
8.31001
1.90616
7.26778
3.0899
9.4863
2.24771
9.78864
1.18448
9.53588
9.01185
8.11536
7.85659
9.74296
2.92567
4.21373
2.14436
1.8314
4.92011
8.77838
7.74871
1.64642
2.33131
8.86514
2.82448
4.06088
7.70361
3.50551
2.67816
5.31195
1.50347
3.37651
9.98218
4.95139
2.58949
6.48465
7.9513
5.51068
6.99818
3.44526
6.47822
4.39615
9.02756
6.21483
4.69568
8.24291
4.55163
9.70509
2.89759
7.24332
0.507802
8.13541
2.85302
8.7137
3.688
1.29721
4.19597
7.65986
9.32472
3.52678
8.63622
2.92406
5.71141
8.15077
4.50572
7.57715
6.17334
0.894903
6.6288
8.29339
7.42602
2.56631
6.43118
2.38036
6.63539
4.95044
5.47565
7.22803
9.56375
2.41566
1.5088
7.37318
7.56518
4.46875
3.78884
5.05629
8.1323
7.5638
9.70507
2.63357
6.38181
8.54006
1.80254
4.21665
3.73503
3.1614
4.63542
2.47137
6.76237
1.57388
8.77518
1.43575
5.1512
7.20988
8.4796
2.11682
4.38269
1.33807
7.00544
1.9482
1.35932
3.09346
2.75638
8.91421
1.20151
1.24578
4.3212
3.44535
7.91393
4.34569
6.54589
1.78828
2.18154
9.21084
8.65125
8.54307
4.92676
6.48162
4.54641
7.47179
2.29094
4.79452
6.95765
6.14918
3.19473
4.35363
7.00877
0.901044
5.3508
8.44428
7.03166
5.57355
9.09095
7.52675
4.67273
2.55894
6.13082
8.20198
0.730766
2.9857
6.1206
7.50807
4.1767
6.87805
7.85773
9.94963
8.91694
8.96811
4.55717
7.81044
3.5024
7.3299
2.11379
0.918091
6.86316
4.663
9.98492
3.62388
6.51634
8.54369
5.83352
8.50197
7.59916
5.57478
1.31674
9.52885
4.94257
6.29695
7.3617
4.63818
1.33047
2.70777
9.04184
8.6698
6.76182
1.83398
0.618275
2.8473
7.57232
1.0498
7.02723
7.15486
5.21214
5.51014
7.38883
4.60174
6.39775
1.01877
7.99054
9.43961
6.032
9.89357
7.24633
3.63537
9.63278
3.68567
9.59702
1.10152
2.22541
5.50282
7.94982
9.14348
7.02588
3.44093
9.66572
6.3203
0.75781
1.50954
0.759456
0.675211
9.76443
2.8524
7.83392
8.77572
0.949411
1.24796
2.88187
9.17114
6.27522
3.05342
4.31075
8.21532
6.33599
7.90635
9.97011
1.66975
5.02719
3.53949
3.72471
0.652667
1.37558
0.945778
6.68433
1.01821
8.05501
0.56146
7.46633
5.58397
3.83554
1.40762
7.31416
3.63096
2.09507
9.30332
4.93628
4.98874
3.31179
5.26503
1.30444
2.17994
1.27023
6.83312
3.16535
4.54009
5.74625
4.68578
3.40097
3.1013
1.60756
4.75296
1.93336
8.46957
4.64526
6.38214
4.60973
7.76139
5.64441
3.16534
4.36336
8.92568
3.9842
1.39302
8.91793
6.68069
6.41496
5.14976
1.93779
6.87763
0.829976
7.90893
5.81742
3.9543
2.42143
3.43844
5.86587
1.1476
7.2925
0.519945
3.22116
2.05695
5.17369
5.28608
3.65999
5.48779
2.20375
2.34638
5.56482
4.98602
5.02861
8.29084
2.56533
8.97258
3.68687
1.19998
4.12913
5.29031
8.17536
9.2648
3.47919
6.74446
4.59054
8.16004
8.21932
7.17234
4.53145
3.0513
6.77247
9.86271
1.59816
8.22928
3.48693
3.86654
9.52267
5.49684
2.45217
7.1651
6.37729
8.58596
3.74854
2.1477
0.904327
3.53011
7.50386
9.36365
2.28709
6.60207
5.42813
6.65793
3.77958
1.44626
1.24243
5.00872
6.59519
3.86514
4.90887
9.93285
2.3958
9.62989
2.50728
2.34886
9.28557
1.07475
8.33532
9.24489
1.39239
7.85139
7.75063
5.30175
0.974993
3.70244
6.48203
1.90569
8.89852
3.47468
6.94694
6.71307
8.98677
4.60181
7.61517
8.61633
1.16522
8.84358
1.57409
2.65188
0.67752
1.07867
7.7266
9.96972
4.49568
9.87644
4.3779
6.29833
2.06754
2.59766
1.32602
3.91689
0.620446
1.33087
9.4536
3.56526
9.34318
9.86328
1.56275
2.20454
6.24858
1.83206
6.39737
4.04849
8.51802
1.8628
0.625739
4.80092
0.556139
3.53389
4.66314
2.82667
2.80854
2.196
5.16697
6.18416
2.21803
4.91287
1.04444
2.45293
0.859634
2.86618
1.90847
8.16484
3.52851
9.19321
6.86202
4.49135
3.55949
7.32551
4.33355
1.93166
8.48411
1.95159
1.31426
5.81487
8.56826
0.711038
3.91069
0.888394
1.74188
1.31408
2.81862
0.575676
8.89169
2.56485
1.01284
3.29751
2.72969
6.91098
0.900018
7.09606
4.93776
1.38925
2.60892
0.62561
2.63189
6.71315
0.930283
2.7603
8.34981
5.69329
7.58641
9.72331
5.10071
4.15742
5.80485
1.67313
4.80853
4.92392
6.32153
2.44294
3.97552
7.52624
5.53781
6.97037
1.46718
1.46628
5.27729
7.90687
9.27804
7.59844
2.97988
3.42434
6.29712
0.652746
2.70995
7.67827
5.24714
4.76043
4.0043
6.83637
0.908737
1.64217
6.9952
0.774949
4.57612
3.30444
5.2782
4.22716
9.45794
0.517756
4.43275
6.77883
2.83094
8.04749
7.16768
2.17687
6.62154
9.70591
7.2395
2.69811
8.09297
1.99566
1.0419
7.29514
6.94883
0.567648
6.96209
4.9156
8.99477
6.04812
5.306
6.00576
5.76896
6.39036
9.74956
9.27789
4.98695
1.71381
4.55164
9.8384
1.4465
5.34658
3.92482
1.02615
8.49432
2.54817
10
10
10
10
10
10
10
10
10
10
10
10
10
10
10
10
10
10
10
10
10
10
10
10
10
10
10
10
10
10
10
10
10
10
10
10
10
10
10
10
10
10
10
10
10
10
10
10
10
10
10
10
10
10
10
10
10
10
10
10
10
10
10
10
10
10
10
10
10
10
10
10
10
10
10
10
10
10
10
10
10
10
10
10
10
10
10
10
10
10
10
10
10
10
10
10
10
10
10
10
-4.9003
-4.34184
-3.34788
-2.86694
-4.71052
-4.6541
-3.97913
-4.81571
-2.63276
-3.73206
-4.66682
-2.71704
-2.86377
-3.81374
-2.57538
-4.43753
-4.02689
-4.92125
-3.86548
-4.53989
-4.38488
-4.25807
-2.95993
-2.53884
-2.84123
-2.5341
-3.14705
-2.5046
-4.77332
-2.76088
-4.53547
-2.58492
-4.67598
-4.22045
-3.0188
-4.43025
-4.19293
-3.08362
-3.96326
-2.97442
-3.52881
-3.76398
-3.68149
-4.84664
-4.91984
-2.71438
-3.13256
-3.99134
-2.52566
-3.68765
-3.35174
-2.68714
-2.83134
-3.89102
-3.94039
-3.5827
-4.4699
-3.03365
-4.0312
-4.95142
-3.47869
-3.85885
-3.20397
-4.18174
-2.5129
-4.2856
-3.00698
-3.33852
-2.93782
-3.49255
-4.25399
-4.31909
-3.45829
-3.47614
-3.5447
-3.23394
-2.76667
-4.46621
-3.61333
-4.27817
-3.26551
-3.50419
-2.50442
-4.26675
-3.70418
-3.69489
-2.55024
-4.31406
-3.85943
-2.85903
-4.26062
-3.18566
-3.96072
-2.80517
-3.98092
-4.88145
-2.542
-3.35977
-2.72037
-3.67245
-2.87917
-2.67617
-3.37738
-3.61371
-3.08247
-4.58462
-3.70333
-4.35869
-3.93183
-4.70795
-4.07415
-4.15697
-3.65489
-2.68096
-3.95249
-4.53664
-4.89126
-4.98719
-4.72143
-3.08066
-4.13331
-3.58495
-4.83477
-2.97953
-4.4746
-4.53443
-2.64152
-3.58261
-2.96735
-4.75139
-4.14342
-3.50584
-2.66062
-4.47946
-3.84333
-4.83907
-2.79242
-4.76997
-3.86063
-3.18632
-2.55585
-3.66591
-2.92199
-4.82747
-2.84379
-3.03986
-3.49099
-3.02697
-4.22187
-4.40703
-3.93255
-4.42773
-4.41504
-3.58283
-4.12487
-4.13477
-3.06766
-3.11862
-4.60559
-3.72341
-4.32144
-2.88437
-2.58
-4.63776
-4.34526
-3.33802
-4.66846
-2.83675
-4.78155
-3.44308
-2.76332
-3.15247
-3.58559
-3.07693
-3.98602
-3.11563
-4.3595
-2.64091
-3.2034
-4.52578
-4.80718
-4.21822
-3.08709
-4.7721
-4.61511
-3.63879
-4.6351
-4.59422
-2.56733
-4.15924
-4.40879
-3.54145
-3.64744
-4.97109
-4.08155
-3.62471
-2.95507
-3.31822
-4.38993
-4.05232
-4.91792
-3.00979
-3.09004
-4.37414
-3.62418
-4.10585
-4.5277
-4.61916
-4.28803
-3.99833
-2.50001
-2.59532
-4.63026
-3.27282
-3.85861
-4.10495
-4.42289
-3.00343
-3.57225
-3.83022
-4.55947
-3.5553
-3.99141
-3.65792
-3.58831
-3.66271
-4.24835
-4.5995
-3.76391
-2.50263
-4.13845
-4.97917
-4.89164
-3.73551
-2.71651
-3.81273
-2.99251
-2.63237
-4.73296
-4.37217
-3.00144
-2.70772
-3.57212
-4.17746
-3.11778
-2.97735
-2.89287
-3.03776
-3.07972
-3.33536
-4.82501
-3.93363
-4.96249
-4.50368
-3.37407
-2.99624
-2.81405
-3.31087
-3.23283
-4.1074
-2.99092
-3.40639
-3.7729
-3.5926
-3.36531
-3.34745
-3.0577
-3.28172
-3.45357
-4.15468
-2.67351
-3.67466
-2.58886
-3.43612
-3.32122
-4.80092
-4.13602
-4.1401
-2.62666
-3.76856
-3.26374
-3.61241
-3.85136
-4.85633
-2.79644
-4.82326
-4.45015
-3.63584
-2.52292
-2.74371
-3.59138
-2.81472
-4.45027
-3.2686
-2.88557
-2.75006
-2.83883
-4.71458
-3.01814
-3.39697
-2.80956
-2.81362
-3.4999
-2.86572
-4.17369
-4.76344
-4.0554
-4.14379
-4.59959
-2.78438
-4.50642
-4.36242
-4.23355
-3.24668
-4.53143
-4.80932
-2.7556
-3.30175
-2.59473
-4.59907
-3.98785
-3.79406
-4.20449
-4.83127
-4.18252
-3.16437
-3.54248
-3.46842
-3.81345
-2.66741
-3.60405
-3.2623
-4.48364
-4.03514
-3.59195
-4.85322
-3.10264
-3.58911
-4.6136
-3.31217
-2.63156
-3.54626
-4.5748
-3.58103
-3.79688
-4.22309
-4.99461
-4.34578
-4.45198
-4.43307
-4.11153
-2.52287
-4.37951
-3.85997
-4.48603
-4.15608
-3.77833
-4.86482
-2.96593
-3.39963
-2.60721
-4.39184
-3.63881
-2.55522
-3.04269
-3.46103
-4.49833
-3.35409
-4.77057
-4.00244
-3.92909
-3.71262
-2.93936
-4.34659
-3.08908
-3.10971
-4.88322
-4.73849
-4.81617
-2.88898
-2.61277
-2.87631
-4.69716
-2.67481
-3.07836
-3.05422
-4.82937
-4.73869
-3.13211
-3.8056
-3.14272
-4.70408
-4.01606
-2.94507
-2.7942
-4.54895
-4.22532
-4.93504
-3.16856
-4.02974
-2.7728
-4.97516
-2.54256
-2.79573
-2.89886
-3.67422
-2.64385
-2.65555
-4.25737
-3.5433
-4.81417
-4.28752
-2.87698
-3.43219
-4.77351
-3.46456
-3.87135
-3.34553
-3.31423
-4.82524
-2.86693
-4.40867
-4.07046
-4.67087
-3.32675
-2.63233
-4.02364
-2.77358
-3.10208
-4.09963
-2.54548
-4.35901
-4.3466
-3.2709
-4.06137
-4.48387
-2.82768
-4.83101
-4.85828
-3.07682
-4.60085
-3.95091
-2.92752
-2.79038
-2.89509
-2.73177
-2.93525
-2.67954
-2.56534
-3.12079
-3.55219
-4.22017
-3.35735
-4.5371
-4.99599
-2.62517
-3.8009
-4.24085
-3.40256
-4.34713
-4.64745
-4.74762
-3.20622
-4.42756
-3.94018
-2.58302
-2.87486
-2.77975
-4.24496
-2.5897
-2.59414
-4.65304
-3.66286
-4.10442
-3.06409
-3.07911
-3.18497
-4.71952
-3.50002
-4.82051
-3.36704
-4.80476
-3.59885
-3.41667
-4.03556
-3.11817
-4.54675
-4.72571
-4.97817
-3.06058
-4.15869
-2.52382
-2.83164
-3.91434
-3.31202
-2.58073
-4.26382
-4.52115
-4.39015
-2.80311
-4.40289
-4.36046
-3.66577
-3.07267
-4.81423
-2.73817
-2.94326
-4.92166
-3.35841
-4.86897
-2.79632
-2.73745
-3.31423
-4.76142
-2.67626
-4.94727
-3.77863
-4.95405
-2.71458
-3.98348
-2.88187
-3.11139
-3.18151
-4.14019
-4.20496
-2.83661
-4.91104
-4.79127
-4.3563
-3.76064
-2.54897
-3.07638
-4.75983
-3.4787
-3.96938
-3.34639
-2.7179
-4.79939
-3.29091
-2.75809
-2.72611
-2.70479
-4.35604
-4.45441
-2.82718
-3.916
-3.78424
-4.28933
-3.24588
-3.45765
-2.77339
-4.83097
-4.0657
-4.74501
-4.44987
-3.95205
-4.58939
-3.79358
-3.6868
-4.1019
-3.08823
-3.82997
-2.80995
-4.32479
-4.19159
-3.10253
-4.29757
-4.29852
-2.69787
-3.02986
-2.79795
-2.62745
-4.59793
-4.87455
-3.98283
-4.4438
-4.38522
-4.85025
-3.15569
-2.70971
-4.61999
-3.20825
-3.55446
-4.79422
-3.97947
-2.92174
-3.1504
-3.82434
-3.25632
-3.8892
-3.32893
-4.37234
-3.37207
-4.45303
-4.54825
-4.95935
-4.31279
-2.51731
-3.38766
-3.82726
-4.70842
-4.34266
-4.55201
-3.16474
-4.74179
-2.7081
-2.56719
-4.23015
-3.69664
-4.42859
-3.75937
-3.67169
-2.67149
-4.76956
-4.51573
-3.3945
-3.91908
-3.05378
-4.85998
-4.21791
-2.85767
-3.85281
-4.25093
-2.79364
-2.7224
-2.9451
-3.29567
-2.83273
-4.63634
-2.94224
-2.7293
-3.8396
-4.65659
-3.23189
-3.45976
-3.24304
-3.29448
-2.77826
-4.2484
-2.86353
-4.81163
-4.08319
-3.71096
-2.5488
-2.7348
-3.84856
-2.68733
-3.42611
-2.54975
-3.56393
-3.95774
-2.78667
-3.0173
-4.26618
-4.22925
-3.45821
-4.63396
-2.97172
-3.19921
-4.0623
-2.54883
-3.20767
-3.86172
-3.8609
-2.56708
-4.84623
-3.07797
-3.89345
-4.79286
-3.60614
-3.41096
-2.92477
-4.09541
-4.06017
-4.31864
-3.3512
-3.54798
-3.39462
-3.33208
-4.83533
-4.96889
-4.56965
-4.65351
-4.04673
-3.36647
-2.69639
-3.14288
-4.92965
-2.70847
-3.77655
-4.99589
-3.40322
-2.85675
-3.45786
-3.70054
-4.89955
-4.24728
-3.99116
-4.39121
-3.13234
-2.80921
-4.45593
-3.38468
-3.7843
-2.6892
-4.96076
-2.9576
-3.36556
-4.90792
-4.99295
-3.93499
-2.81501
-4.45279
-3.07856
-3.86245
-3.68126
-3.49739
-3.1895
-3.34877
-2.73818
-3.08097
-4.32904
-3.23406
-4.81804
-4.33586
-2.82433
-3.56425
-4.38611
-4.89652
-3.36877
-3.99768
-4.08512
-3.54985
-4.77977
-3.53934
-3.18629
-4.55492
-4.58978
-2.90334
-3.92578
-3.07676
-3.55714
-4.90033
-4.79076
-3.35541
-4.38822
-2.88208
-4.18284
-3.47806
-3.2949
-4.81292
-3.17389
-3.65133
-2.89621
-4.08687
-2.986
-3.13164
-3.49691
-2.62998
-4.54992
-2.93344
-4.76161
-3.45563
-3.75357
-3.74271
-3.73908
-2.67857
-3.66694
-2.78173
-2.61073
-3.565
-4.48398
-4.82796
-3.58775
-4.35554
-3.52416
-3.0833
-3.58715
-4.20814
-3.73188
-4.16873
-3.87885
-4.35497
-3.91446
-2.76591
-4.14722
-4.91053
-3.81983
-4.89481
-4.55877
-4.32655
-3.83134
-3.40997
-3.8276
-3.02538
-2.63254
-2.59675
-3.52191
-2.82291
-4.67074
-3.5958
-4.62813
-4.94852
-4.76023
-2.63722
-3.68878
-4.7424
-3.07714
-2.50963
-4.38745
-4.87667
-4.74993
-4.50094
-4.87805
-2.8519
-4.38821
-2.61317
-4.54444
-3.37919
-4.07636
-3.93064
-4.73625
-4.69832
-4.60454
-3.46236
-4.43809
-3.50026
-3.85037
-3.16069
-4.1522
-3.49166
-4.26297
-2.76279
-4.24389
-4.58095
-4.5398
-2.86048
-3.65654
-3.04429
-2.81277
-4.27064
-4.21119
-4.91432
-4.93221
-3.11764
-3.11534
-4.45957
-4.46251
-3.82328
-2.85119
-4.89518
-3.25084
-4.39377
-3.65016
-3.22134
-3.6105
-4.15442
-3.392
-4.28344
-4.25228
-3.14832
-3.84441
-2.94105
-2.79067
-2.71093
-2.53664
-3.33618
-3.65847
-2.89337
-3.87171
-4.25111
-3.44072
-3.21124
-3.79022
-4.74684
-2.69848
-3.36215
-2.67048
-2.71776
-4.91559
-3.8537
-4.21103
-4.77568
-4.79578
-2.67227
-2.86998
-3.31739
-2.92023
-2.84853
-2.80906
-4.31019
-3.87771
-2.6271
-3.71886
-2.83231
-2.70986
-4.69782
-3.79606
-2.94647
-3.82805
-3.02021
-3.15113
-3.58848
-4.08762
-3.20823
-3.19854
-2.78446
-3.43843
-4.66036
-4.22836
-3.60795
-3.78478
-3.31904
-3.12664
-4.37616
-2.65635
-2.69497
-4.32172
-2.70619
-3.01128
-3.07677
-3.69154
-3.73299
-2.92316
-4.5248
-3.33361
-2.95871
-4.55651
-3.78241
-3.51242
-3.32667
-3.86332
-3.32898
-2.64862
-2.77644
-3.55592
-4.40821
-3.80971
-4.82708
-3.75518
-3.28176
-4.03951
-4.56003
-2.95497
-4.16342
-4.54
-3.863
-2.93403
-4.70511
-3.85969
-4.76048
-4.46845
-3.6738
-3.06179
-4.4399
-3.89032
-4.68555
-2.57296
-3.66721
-4.82138
-2.94706
-3.65411
-4.69976
-3.80019
-4.76899
-4.84995
-3.10886
-3.06703
-2.52797
-2.67068
-3.60141
-3.96292
-4.7587
-4.50907
-3.8631
-4.6104
-4.44165
-3.24167
-2.82549
-3.04686
-3.63672
-4.78336
-3.86793
-3.28397
-3.7304
-4.30044
-2.55703
-3.44369
-3.12027
-4.86903
-3.83267
-3.14251
-3.68198
-3.06526
-2.88192
-3.97533
-3.3091
-3.5227
-3.4464
-3.68003
-2.76822
-2.92884
-2.53523
-4.59264
-3.46102
-4.41196
-4.3346
-4.16584
-2.79823
-4.84263
-4.99799
-3.80202
-3.07444
-4.55324
-3.7736
-2.93779
-2.97883
-2.61358
-3.88574
-2.66363
-2.63468
-3.56371
-2.72533
-4.58666
-2.95013
-2.87164
-3.70181
-3.77485
-3.93888
-3.19108
-2.54502
-4.18349
-4.44932
-4.74129
-4.41074
-3.83495
-4.07967
-4.49978
-2.75883
-2.60921
-2.91048
-3.87596
-3.30602
-4.30131
-4.66199
-4.06975
-2.71314
-4.69984
-2.76167
-2.8067
-4.6988
-2.78787
-3.18902
-2.91903
-2.6647
-3.10148
-4.0755
-4.47336
-3.72826
-3.37788
-4.50172
-2.85114
-4.03375
-2.71534
-4.30497
-3.67676
-2.86344
-3.32026
-3.57113
-4.94977
-3.32629
-4.94196
-4.53341
-2.98287
-3.16282
-2.52489
-3.32241
-4.76061
-4.10135
-3.83836
-3.79123
-4.21373
-2.61362
-4.5852
-3.5246
-2.97134
-4.27262
-4.96525
-3.51654
-4.94509
-4.70855
-4.11984
-4.61569
-3.4783
-4.7308
-2.99542
-3.97944
-4.9493
-2.87182
-4.20907
-4.3411
-3.39492
-3.35765
-4.52408
-3.70344
-3.72549
-4.31159
-4.85644
-4.74349
-3.79419
-3.9422
-4.11566
-4.35625
-2.91009
-4.851
-3.27898
-4.81012
-3.66725
-3.03241
-3.15511
-2.89764
-3.06424
-3.20371
-4.71106
-3.85333
-2.96838
-4.6455
-4.37757
-3.83442
-2.57882
-4.66461
-3.13494
-3.99861
-4.62566
-3.53194
-3.82186
-4.05355
-2.94277
-4.14764
-4.43763
-3.31136
-4.02348
-2.54598
-2.70984
-4.31077
-3.59475
-4.48526
-3.78577
-2.51648
-4.52457
-4.49699
-3.33305
-3.60448
-2.96137
-4.18922
-3.20175
-4.26917
-4.46464
-4.66279
-4.96172
-4.12625
-4.91284
-2.55515
-4.47349
-3.4261
-4.97723
-4.86632
-3.27443
-3.39319
-4.42885
-3.10932
-3.36088
-3.77661
-3.45276
-3.04204
-2.55246
-4.16961
-3.6549
-2.89707
-3.53967
-3.6886
-4.36803
-3.52253
-3.23196
-4.60012
-4.28531
-3.15696
-4.04236
-4.93065
-4.35917
-4.56505
-4.76393
-4.79201
-4.31394
-4.36376
-4.20959
-3.0705
-3.3419
-4.81093
-4.85485
-2.95662
-4.47013
-4.55323
-3.68151
-2.56687
-3.8932
-2.94815
-4.54728
-3.56141
-4.03716
-2.52315
-4.10487
-3.088
-2.58944
-3.13948
-2.8171
-4.44754
-4.82909
-4.94406
-4.79464
-3.59509
-2.60565
-3.17526
-4.14454
-4.73706
-3.29702
-3.08833
-2.98994
-4.47481
-3.21362
-3.88457
-3.03359
-3.04099
-4.96162
-4.90431
-4.29753
-3.66118
-3.41809
-2.81044
-2.62446
-4.22747
-3.65659
-3.79622
-3.13461
-3.44099
-2.66924
-4.35857
-4.48343
-3.04675
-4.24017
-4.56
-4.91921
-4.74413
-4.57767
-4.46822
-4.85279
-3.35401
-3.42048
-3.07629
-3.23298
-4.27161
-2.92707
-2.79215
-2.65756
-3.05173
-2.85673
-3.04048
-3.79029
-3.46772
-4.43574
-4.01439
-4.79781
-4.24296
-3.95386
-2.57861
-3.71254
-4.11851
-4.71408
-4.57885
-4.22694
-4.75656
-3.49661
-2.59629
-3.39072
-2.75836
-4.75627
-3.55154
-3.2737
-3.5569
-3.31913
-4.60922
-4.73706
-3.25056
-4.58271
-4.08334
-3.73966
-4.90815
-3.8144
-3.70618
-4.78174
-4.13921
-2.66524
-4.75395
-4.62647
-4.56135
-2.53854
-2.696
-4.13258
-3.70712
-3.08824
-4.10419
-4.0652
-3.84626
-4.14559
-4.93462
-3.58006
-2.62426
-3.42038
-3.87768
-4.60029
-4.58149
-3.64906
-4.82286
-2.80315
-2.60583
-3.75574
-2.74679
-2.88089
-4.13557
-4.10489
-3.37308
-3.85337
-3.56335
-4.14815
-2.99416
-2.91745
-3.5442
-4.94196
-4.46667
-3.79439
-4.73844
-3.88589
-2.64979
-2.58615
-2.92838
-4.81949
-3.59113
-3.62006
-4.79965
-2.76209
-4.96761
-3.15767
-3.37853
-2.94685
-2.79016
-4.29881
-2.63159
-4.12266
-4.50405
-4.52399
-4.73247
-3.69821
-3.29128
-4.06415
-3.64122
-2.91512
-4.40659
-3.99212
-3.09677
-4.8803
-3.13554
-3.97185
-4.87332
-3.33908
-4.9181
-3.50377
-2.8709
-3.69014
-2.73215
-4.21252
-4.86443
-4.0371
-3.98547
-3.83839
-4.26735
-3.81507
-4.86339
-4.06598
-4.41949
-3.35344
-3.73185
-3.7003
-3.51339
-4.48742
-2.55744
-2.81483
-3.89253
-4.17264
-4.56936
-4.80668
-3.35222
-3.26846
-2.96294
-3.05659
-4.60036
-3.21287
-3.75172
-2.62824
-2.76622
-4.43767
-3.99572
-3.51651
-4.56436
-3.224
-3.30993
-4.9334
-3.18411
-2.91378
-4.39245
-3.90813
-3.8774
-4.89917
-2.79176
-3.53314
-4.00824
-4.0109
-3.74919
-2.61329
-3.98583
-4.81407
-2.64357
-3.03574
-4.14525
-4.16668
-4.37442
-3.44687
-4.00628
-3.58329
-4.41696
-3.2874
-3.83854
-4.36296
-3.32251
-3.8685
-2.88223
-4.17378
-3.66758
-3.57882
-4.18365
-4.66638
-2.88636
-3.52143
-4.75463
-3.54956
-2.5131
-2.62063
-4.8758
-2.54545
-3.87191
-2.76351
-3.78466
-3.82379
-3.88293
-2.85532
-4.39171
-4.01546
-2.86676
-4.15174
-3.24036
-3.25106
-3.08465
-3.71336
-2.91326
-3.21946
-4.51975
-3.44947
-2.78922
-3.45844
-3.43683
-2.84067
-3.10329
-4.45465
-4.31333
-4.07111
-3.07596
-2.62115
-3.58715
-4.29783
-3.65493
-3.40572
-2.50936
-4.86751
-3.18673
-4.39721
-3.93688
-4.64734
-2.90042
-4.82862
-4.5704
-4.68942
-2.52773
-3.58031
-4.19182
-4.39733
-3.35375
-4.0401
-4.53396
-4.71218
-2.58602
-3.26813
-4.93036
-4.52108
-3.36402
-4.05486
-2.60008
-4.59503
-3.72135
-4.78635
-4.17699
-2.58798
-3.69325
-4.99934
-3.94228
-2.88989
-2.85238
-4.90161
-3.8256
-4.44482
-4.10264
-3.11883
-3.19412
-3.60118
-2.58476
-4.49623
-3.18178
-3.75648
-2.62508
-4.69084
-3.95823
-3.38667
-4.69536
-4.93945
-4.91641
-2.57016
-4.18084
-4.88533
-2.72374
-2.86872
-4.64515
-3.47655
-2.82869
-4.33292
-3.40502
-3.13369
-2.91431
-3.33787
-4.62691
-4.42659
-2.6202
-2.75261
-3.09873
-2.79891
-3.69931
-4.35161
-2.57295
-3.60787
-4.9361
-3.5697
-3.43949
-4.99218
-3.54216
-3.05318
-4.85823
-4.84386
-3.25814
-4.62347
-4.19604
-2.80668
-4.31989
-4.38585
-3.05735
-4.87289
-3.7389
-4.69247
-3.91041
-4.73809
-3.09277
-2.72132
-4.74863
-2.80748
-2.84652
-3.90661
-3.45991
-3.2419
-4.16601
-3.11257
-3.0024
-3.78284
-3.24284
-4.84109
-4.22924
-3.39998
-3.49282
-3.76812
-3.34223
-2.77405
-3.49249
-3.19573
-3.10822
-4.89564
-3.45193
-4.09077
-3.62016
-4.01128
-2.57636
-3.35158
-4.94152
-4.57335
-4.3209
-3.94773
-4.51239
-4.75555
-3.959
-3.90839
-3.38456
-4.35367
-4.61878
-2.85087
-4.49643
-4.01151
-4.00844
-4.90941
-4.88947
-4.77938
-4.57249
-4.82733
-2.93325
-4.07227
-2.66274
-2.63971
-3.08083
-4.43024
-4.07315
-4.89778
-4.4238
-3.33415
-4.52624
-2.59363
-3.66364
-4.82214
-3.28835
-4.73961
-3.63327
-4.32377
-4.60103
-4.5615
-2.62142
-3.12569
-3.39002
-3.57028
-3.26385
-3.06226
-4.84706
-4.47729
-4.74369
-4.62087
-2.89443
-4.21391
-3.18132
-3.45202
-3.14274
-2.56355
-3.04667
-2.89752
-3.59476
-4.54817
-3.52075
-3.19426
-3.42501
-4.11366
-3.21751
-4.22558
-4.33653
-4.03408
-3.2959
-4.16712
-4.27373
-3.54676
-2.83506
-3.82414
-4.87814
-4.41833
-3.84766
-2.62939
-4.72172
-2.90984
-3.21011
-4.79296
-2.81217
-4.1757
-3.55093
-2.94442
-4.32642
-4.13687
-3.37186
-3.37329
-4.82164
-4.86301
-2.5357
-4.94675
-2.55063
-3.35502
-2.88124
-2.56311
-3.19487
-3.732
-3.79028
-3.31362
-4.45669
-3.64559
-3.97671
-4.05606
-2.64748
-3.77012
-4.36626
-3.77227
-3.11096
-3.42294
-4.41858
-3.04889
-2.77176
-4.9367
-3.59391
-2.82699
-3.17898
-4.09738
-4.65004
-3.25806
-3.26442
-2.65913
-4.44248
-4.72448
-4.35508
-3.29464
-3.07529
-3.88082
-4.8716
-4.48903
-4.60233
-3.93976
-3.08897
-3.80164
-4.19456
-2.90794
-3.81607
-4.16988
-3.11415
-4.51146
-4.17311
-4.9209
-2.98881
-2.94553
-2.96056
-3.04702
-3.6967
-2.96501
-2.97981
-4.0955
-3.06184
-2.80289
-3.23338
-3.39542
-4.27638
-3.07856
-3.90346
-2.93927
-2.86928
-4.01619
-2.54909
-2.58432
-4.59476
-4.08016
-2.74722
-2.60882
-3.88675
-4.56612
-2.82267
-3.04397
-2.53549
-3.99779
-3.32046
-4.42361
-2.64786
-2.53309
-3.66585
-4.37531
-3.29253
-2.57701
-4.31785
-2.53257
-4.97278
-2.59251
-4.73696
-4.02948
-3.43656
-3.30595
-3.13577
-2.89689
-3.04714
-3.24224
-4.83901
-4.26484
-4.18723
-4.77084
-3.57063
-4.0495
-4.87214
-3.58149
-4.08731
-2.92394
-2.69936
-3.12697
-4.95585
-3.04934
-2.67535
-4.55353
-3.6166
-4.17878
-2.83023
-2.60846
-2.91609
-3.20293
-4.07842
-3.44483
-4.73774
-4.72413
-3.45319
-2.81976
-4.21281
-4.66971
-3.76595
-4.31922
-3.13964
-2.85961
-3.97109
-4.55208
-4.31917
-4.72323
-3.27115
-3.2549
-2.56151
-3.77142
-3.7447
-4.69943
-3.28804
-4.54711
-3.2435
-3.52769
-4.93788
-3.47825
-3.91226
-3.287
-4.60781
-3.37863
-4.57838
-3.81517
-4.0623
-2.63134
-4.9448
-4.83083
-4.17991
-4.26568
-3.22345
-4.04583
-3.32473
-3.77522
-2.606
-3.98161
-3.87187
-4.54757
-3.53665
-2.93793
-2.71548
-4.14036
-4.55275
-2.99158
-4.51962
-3.81477
-4.87097
-3.93977
-3.17347
-4.08091
-2.84302
-2.68274
-3.87031
-3.38169
-3.57839
-4.55324
-3.87605
-4.76744
-3.85249
-3.8438
-2.80888
-3.83938
-3.44871
-4.90285
-4.71528
-4.71667
-2.99233
-4.53195
-3.53819
-3.82378
-3.75168
-4.46661
-2.89046
-4.95275
-3.36019
-4.70618
-4.30215
-3.68976
-3.78392
-3.91349
-4.08342
-2.6069
-4.2309
-3.67518
-3.7376
-2.88619
-3.26166
-3.74208
-3.22282
-3.51033
-3.07353
-4.39272
-3.43766
-4.20113
-3.3684
-2.70223
-3.90371
-4.68473
-3.70015
-3.40124
-4.6064
-4.83609
-2.60018
-3.66745
-3.80721
-2.84065
-2.72162
-4.68557
-2.83078
-4.3508
-3.84971
-4.52903
-4.33883
-2.76275
-3.56746
-3.26992
-2.5718
-4.22958
-4.08422
-3.40181
-4.24659
-4.99317
-2.62283
-4.40732
-3.84765
-4.9606
-2.78047
-3.89206
-3.77339
-4.33557
-2.90992
-4.54094
-4.63615
-4.71918
-2.83739
-2.95581
-3.35926
-4.02818
-4.18765
-4.32919
-3.22678
-4.93241
-4.01999
-4.03798
-3.76129
-3.43436
-3.7244
-3.47826
-4.10118
-3.60921
-4.92028
-2.69281
-3.07949
-4.48993
-4.71934
-2.92561
-3.16004
-3.31733
-4.42006
-2.9769
-2.72691
-3.61658
-3.8886
-3.23789
-4.15213
-4.81582
-4.52568
-3.11919
-4.14807
-4.1312
-3.11164
-4.87734
-3.52148
-3.05227
-4.55209
-4.41852
-4.59545
-3.18072
-3.31832
-3.54159
-3.45829
-3.4761
-2.88701
-4.45591
-2.97342
-4.30237
-2.51854
-4.04295
-4.87119
-2.60771
-2.83095
-4.84924
-3.6071
-4.54007
-4.87738
-4.04675
-3.71092
-4.50329
-4.22213
-3.76859
-3.62651
-3.21774
-3.04706
-4.43657
-2.88982
-4.12894
-2.58572
-3.21263
-4.60957
-3.09617
-4.87143
-4.0621
-4.27148
-3.27235
-3.46601
-3.17828
-4.79066
-4.04476
-2.79209
-4.20178
-4.32819
-3.94577
-4.03974
-3.42334
-3.62449
-4.2296
-4.358
-4.92249
-4.70978
-4.72141
-2.65271
-4.14706
-4.58594
-3.34556
-3.76699
-4.28629
-4.63481
-4.8188
-4.65514
-3.9598
-4.85779
-4.9562
-3.82071
-4.75761
-3.69726
-4.83676
-3.89075
-4.3556
-4.60219
-3.92709
-2.55324
-4.82394
-3.42308
-4.15445
-3.9219
-2.87823
-4.39964
-4.70213
-3.68213
-3.12016
-3.06402
-4.44374
-3.49804
-4.05543
-4.62538
-3.77738
-3.95788
-2.54229
-3.19438
-2.88708
-3.13714
-3.47179
-2.81365
-4.08295
-4.60209
-4.88118
-3.05164
-3.88267
-3.55577
-4.30588
-4.00862
-2.89041
-4.14644
-4.17957
-3.46786
-4.37231
-2.84512
-3.01375
-4.64191
-4.04597
-3.09469
-4.99529
-3.37365
-3.36587
-2.68141
-3.96997
-3.35713
-3.36041
-3.34503
-4.9679
-2.9953
-4.51614
-2.70861
-3.60971
-3.3836
-3.18384
-3.34083
-4.36284
-3.71837
-4.60531
-4.00235
-4.93918
-2.86389
-3.35418
-3.62097
-2.69009
-4.84941
-3.99963
-4.26234
-4.65939
-2.90238
-2.82228
-4.08156
-3.82422
-3.68213
-3.0869
-4.02842
-3.12112
-4.23498
-4.79467
-4.04884
-3.83776
-3.78283
-3.03256
-3.24957
-3.00325
-3.11756
-4.36907
-3.38218
-4.371
-3.37627
-4.9963
-2.83435
-4.36616
-4.47626
-4.99049
-2.72459
-4.73968
-4.79134
-2.97028
-4.02056
-3.52152
-3.68954
-2.51649
-4.58188
-2.68244
-3.75302
-4.57007
-4.14946
-2.51786
-2.68595
-2.75606
-3.61257
-3.95152
-3.15568
-2.55264
-4.65658
-3.20943
-3.44631
-4.65577
-4.4686
-3.73629
-3.33554
-2.84548
-3.96989
-4.50251
-3.64235
-4.39784
-4.50982
-3.97801
-3.46537
-4.99121
-4.81019
-4.8652
-4.36395
-4.88375
-3.68008
-3.58144
-3.19156
-3.09524
-4.28122
-4.47274
-3.41361
-2.62306
-3.30141
-4.28952
-3.94471
-3.74011
-2.5587
-4.10614
-4.35481
-3.83845
-2.76063
-2.93345
-2.51286
-3.64747
-3.07343
-2.55857
-4.39932
-4.31585
-3.91673
-3.53631
-4.7236
-4.54369
-3.35943
-4.39205
-4.65278
-4.20672
-4.7763
-2.78376
-4.16025
-3.83916
-4.83281
-4.97166
-3.72235
-3.97596
-4.03713
-4.60348
-3.21983
-3.14161
-3.62274
-4.8283
-4.17813
-4.29761
-4.90581
-4.37254
-4.22483
-4.25494
-2.70124
-4.73599
-2.80154
-2.99054
-4.44841
-4.38048
-2.69395
-4.76908
-3.96574
-4.74291
-4.06382
-3.14096
-2.63068
-3.82023
-4.05916
-4.77382
-3.64853
-3.38493
-3.03181
-3.04874
-2.69221
-2.91057
-2.96873
-2.89013
-4.42945
-3.19696
-3.86215
-3.64455
-3.8673
-2.71736
-3.11649
-3.88679
-2.75441
-3.41344
-4.75403
-3.52134
-3.21248
-4.6861
-4.26238
-2.90538
-3.2555
-2.73258
-3.96551
-3.36537
-4.32437
-4.76211
-4.21607
-4.45629
-4.32509
-4.25394
-3.51888
-4.37714
-4.10998
-3.86196
-2.94775
-2.78467
-4.38943
-3.09036
-4.61716
-3.09037
-4.83428
-4.77746
-4.71493
-3.87874
-2.51002
-3.35397
-2.64528
-4.25838
-3.02582
-4.97604
-4.83221
-4.88474
-2.88832
-4.00152
-3.54773
-4.20913
-2.90952
-2.77606
-4.81821
-4.64684
-4.42286
-4.93881
-4.10737
-2.57327
-3.89233
-3.39488
-2.72831
-4.74169
-3.59047
-2.52176
-3.16611
-2.80087
-4.26829
-4.58514
-2.51997
-3.12316
-3.49544
-2.84107
-4.85011
-3.24914
-3.32639
-4.15046
-4.23256
-4.12471
-3.98662
-3.11282
-4.61279
-4.60033
-2.76904
-4.24375
-4.75041
-2.71724
-3.70764
-4.32026
-3.11633
-3.64627
-2.82483
-4.3758
-4.03059
-4.58165
-3.869
-3.80806
-4.5988
-4.57943
-4.0176
-3.72762
-2.53159
-3.38495
-3.38129
-4.36867
-4.24787
-3.93221
-3.68971
-3.0126
-2.70678
-2.9009
-2.84315
-4.85581
-4.15257
-4.75545
-4.87402
-2.70438
-2.58373
-4.67558
-4.92978
-4.78385
-4.63837
-4.52622
-4.59857
-3.24085
-4.00749
-3.87425
-4.54801
-3.36994
-3.51657
-3.01337
-3.16735
-3.62228
-4.70177
-2.70741
-3.35732
-3.905
-3.84653
-3.66133
-3.423
-2.79492
-4.16388
-4.7887
-3.6386
-3.8734
-2.73448
-3.38227
-3.27689
-4.66684
-3.15835
-4.95079
-3.00885
-4.7097
-3.35013
-3.08801
-2.64954
-3.3497
-3.36597
-4.38055
-3.98147
-4.05061
-3.5973
-4.77611
-4.60205
-4.1167
-4.44049
-3.8548
-2.61088
-3.60213
-3.5753
-2.5723
-2.64089
-3.00664
-2.66579
-3.88938
-3.7539
-4.31874
-2.63815
-4.41346
-4.47981
-4.62346
-3.91482
-3.8251
-3.53165
-3.93999
-4.39859
-4.62193
-3.30823
-3.88604
-2.59231
-3.88561
-2.90437
-3.79253
-3.58634
-3.04512
-4.33632
-2.95442
-4.88467
-4.12683
-4.58314
-3.80387
-4.18762
-3.82236
-4.83962
-4.43175
-4.33745
-4.53168
-3.96438
-4.32501
-2.94533
-4.74302
-3.38924
-3.01467
-2.51603
-4.377
-4.18961
-4.81444
-3.83482
-4.29149
-4.6255
-3.31979
-3.21676
-4.08519
-4.82605
-3.98919
-3.8212
-2.97006
-2.74449
-4.1695
-4.23368
-3.00084
-2.54518
-4.25422
-3.16659
-3.42147
-4.71957
-4.38943
-3.1036
-4.74487
-4.45238
-3.59963
-3.98601
-2.80336
-3.50175
-3.98855
-3.06314
-4.61301
-3.33564
-4.63803
-3.88489
-3.3455
-2.86856
-4.4059
-4.92185
-4.07691
-3.14012
-3.54001
-4.37108
-4.68103
-3.98981
-4.18662
-4.57627
-3.43433
-3.22384
-3.15017
-4.97379
-4.49339
-2.9597
-3.61065
-4.22345
-3.4998
-3.61946
-4.80471
-2.82592
-2.74472
-2.95394
-4.33114
-3.45438
-2.81647
-3.85187
-3.38114
-4.34564
-4.75342
-3.16647
-3.85343
-4.67444
-3.23909
-4.39274
-3.83005
-4.17698
-2.53024
-3.27322
-3.02108
-2.75093
-4.89959
-4.98098
-2.82995
-3.00116
-2.93559
-3.4058
-3.83225
-3.69984
-3.15434
-2.52901
-2.58302
-2.81861
-4.8519
-3.33171
-3.54188
-3.32962
-3.38389
-3.02968
-4.76427
-3.12117
-4.97393
-4.26378
-3.91435
-3.43659
-3.83347
-4.11154
-2.58462
-4.71265
-3.08596
-3.23557
-2.68959
-3.86631
-3.54684
-4.20855
-3.04827
-4.83416
-2.72323
-4.33399
-3.8718
-3.31664
-2.77333
-3.83285
-3.72274
-3.00926
-4.15192
-3.81434
-2.67695
-4.07606
-3.8723
-4.23302
-4.36648
-4.85127
-2.84148
-4.23678
-2.62391
-2.50656
-2.80767
-3.43969
-3.42893
-2.57338
-3.24029
-4.59741
-3.75699
-3.71084
-3.09057
-3.16483
-3.84089
-3.83782
-4.73563
-4.27173
-2.53051
-2.71694
-3.53296
-3.50781
-3.21137
-3.55879
-2.61896
-4.34619
-3.83602
-4.41383
-3.27491
-3.88566
-3.7777
-4.26547
-4.69523
-2.66672
-4.50042
-3.56262
-4.47578
-4.44342
-3.07082
-3.8474
-3.22569
-4.19677
-2.68518
-4.74713
-4.98765
-4.952
-3.34628
-3.34636
-4.83926
-3.5012
-4.60542
-3.26471
-4.94716
-4.45935
-3.33751
-3.47941
-3.46707
-3.4737
-4.95373
-4.92525
-3.64243
-3.35895
-3.79948
-2.93561
-3.8585
-4.80677
-4.80069
-2.6246
-4.11794
-2.72976
-3.99682
-4.58428
-3.03406
-3.51571
-3.54853
-2.72539
-3.14271
-4.50158
-2.97579
-4.15736
-2.72203
-4.19668
-3.65637
-2.65559
-2.54401
-4.73524
-2.59412
-4.35891
-2.64393
-4.0674
-3.3455
-2.85441
-4.15135
-4.16523
-2.5668
-2.66334
-2.77128
-4.33793
-2.63305
-3.66155
-4.72921
-3.89627
-4.58923
-3.75398
-3.16108
-3.34188
-4.56029
-4.85718
-4.69618
-3.69966
-2.68245
-4.01356
-3.46304
-3.25064
-3.48075
-3.50728
-4.40737
-4.72784
-3.35794
-4.43303
-3.47914
-3.94074
-4.58046
-3.78268
-3.06133
-4.20643
-4.95573
-3.39853
-4.1181
-2.87691
-4.68059
-4.25043
-4.56144
-4.04226
-3.20892
-4.86116
-3.95022
-3.8214
-3.82745
-2.98254
-2.51864
-3.26053
-4.65418
-2.75172
-3.18891
-3.44716
-3.89013
-3.95154
-3.52814
-4.93597
-3.91387
-2.86921
-2.83914
-4.92344
-3.32188
-3.40817
-3.55149
-4.8804
-4.83376
-3.52765
-4.28317
-4.68458
-3.74903
-4.91021
-3.46456
-3.84789
-4.06101
-3.38728
-2.52147
-3.39713
-3.07851
-3.05422
-4.77388
-4.63577
-3.39037
-4.47616
-3.32301
-4.78345
-2.96973
-4.79423
-4.08268
-2.57632
-2.69559
-4.77296
-4.12426
-3.91347
-3.72981
-4.40079
-4.09343
-3.21559
-4.4819
-4.76276
-2.66829
-3.43702
-3.41297
-4.24856
-2.99092
-3.36249
-3.34591
-4.64674
-2.83807
-4.52325
-4.69667
-4.36143
-2.52251
-3.30184
-4.04636
-4.72801
-3.66301
-4.22053
-4.37168
-4.88115
-2.51794
-3.99205
-4.43984
-2.80676
-3.27878
-4.0161
-3.55645
-3.19736
-3.04771
-2.827
-3.37971
-2.7128
-4.03754
-3.98732
-4.91214
-3.41486
-3.51927
-3.40731
-4.10965
-3.33069
-3.94482
-3.11222
-4.55532
-3.67723
-3.25962
-4.42547
-3.8928
-3.74087
-2.84746
-4.74423
-3.7876
-3.17302
-3.8926
-2.88146
-3.73843
-4.32672
-4.15835
-4.33211
-4.80406
-4.33279
-3.6502
-3.93924
-4.24296
-3.94161
-4.22197
-3.69021
-3.83105
-3.43336
-4.40772
-3.10212
-4.83328
-2.89774
-4.80191
-3.20996
-4.87174
-4.2955
-4.44619
-4.60624
-4.5761
-2.97034
-2.56156
-4.69157
-3.64245
-3.71716
-4.28405
-4.49121
-3.77504
-4.56322
-4.06264
-3.35668
-3.25603
-4.12625
-4.89067
-4.97437
-4.22141
-4.2996
-3.41403
-4.66443
-2.52056
-3.00888
-2.82178
-3.09169
-4.59124
-2.52973
-4.74342
-2.61654
-3.62238
-3.79381
-2.62427
-3.59196
-2.51484
-4.35797
-4.33901
-3.23883
-4.95562
-4.13875
-2.51759
-3.1312
-3.55181
-2.70518
-3.54099
-3.44269
-3.78017
-3.36606
-3.41583
-4.92052
-4.25765
-3.34705
-3.89316
-4.77823
-2.74146
-3.13484
-4.73249
-3.97955
-4.24592
-3.68647
-3.46683
-4.56539
-2.94194
-2.62846
-4.08618
-3.88784
-3.00841
-4.91278
-4.09335
-4.46586
-2.69904
-2.8159
-4.2686
-4.83263
-4.4627
-4.54663
-2.67577
-4.11416
-4.24755
-3.57626
-3.63324
-3.89937
-4.13563
-4.97389
-3.67139
-4.99032
-4.78074
-4.95836
-2.62742
-4.01641
-3.78804
-3.11838
-3.09237
-3.44756
-3.13531
-2.6231
-3.86409
-3.6988
-3.18935
-3.39135
-3.35924
-3.67684
-4.1275
-3.31727
-3.27573
-2.6792
-4.39472
-4.58754
-2.82698
-3.12046
-3.02357
-4.61125
-3.7017
-4.49741
-2.89181
-2.66636
-3.51356
-4.9162
-4.12851
-2.9385
-4.94489
-3.82822
-3.47607
-4.84296
-3.10657
-4.56945
-3.73845
-4.70403
-3.09511
-4.56469
-3.82692
-4.0413
-4.67257
-4.46018
-4.81096
-2.82134
-3.26649
-4.82536
-4.89435
-4.27269
-3.62917
-2.98755
-4.1796
-4.00955
-3.43147
-2.67849
-4.83601
-3.79433
-3.75865
-4.17019
-3.41951
-4.17614
-3.29793
-3.31895
-4.07563
-4.04615
-3.68261
-3.55845
-4.34253
-4.92205
-4.82685
-4.86434
-4.92807
-3.63161
-3.9402
-2.88673
-4.69873
-4.04428
-4.66333
-4.12235
-4.30536
-2.71937
-4.50819
-4.20145
-3.82191
-4.87723
-4.13728
-2.82978
-2.57077
-4.39926
-3.38304
-3.75661
-4.82697
-4.361
-2.84858
-3.66141
-4.76185
-4.96433
-3.06635
-3.56677
-4.1299
-3.72141
-3.15697
-4.26938
-3.01304
-2.58055
-3.85875
-4.00956
-3.75061
-3.96064
-4.03203
-3.90008
-3.67468
-2.77841
-4.28135
-4.08213
-3.30712
-2.75851
-4.83159
-4.54726
-3.37201
-3.32269
-4.37435
-4.77168
-2.62086
-3.77713
-4.65977
-4.29095
-2.97452
-2.761
-4.19378
-4.91844
-4.23371
-3.46058
-4.4037
-2.89986
-2.92197
-4.50092
-4.42958
-2.9078
-3.81423
-3.31399
-3.14982
-3.97042
-3.30224
-3.2852
-4.35396
-4.45865
-3.97674
-4.6057
-3.04635
-4.9319
-2.86503
-2.51536
-3.11462
-4.86634
-3.58764
-2.53548
-3.75384
-3.2876
-4.70572
-4.02324
-3.6783
-3.70801
-2.99462
-3.07931
-3.90804
-4.94028
-3.77282
-4.76447
-3.90267
-4.62427
-2.63031
-2.68154
-3.57965
-3.18331
-4.33106
-4.57459
-2.70442
-3.13357
-3.36288
-4.98169
-4.74887
-4.20063
-2.50385
-4.71809
-4.38154
-2.97648
-3.22366
-4.98646
-4.96716
-2.98696
-4.37699
-4.11452
-2.70937
-3.80175
-3.54348
-2.72386
-4.9064
-4.32367
-2.87823
-4.47704
-3.11085
-4.11877
-4.16997
-4.632
-4.9501
-3.76929
-3.02748
-2.86683
-2.89012
-4.29342
-4.57021
-3.94165
-4.80525
-4.37271
-4.7067
-2.98106
-2.71801
-4.08288
-3.45091
-4.48793
-3.5648
-3.53477
-3.82282
-2.59917
-4.21602
-3.67921
-3.9381
-2.7015
-4.14728
-3.41814
-3.65237
-2.80202
-3.47001
-2.94453
-3.73179
-2.66908
-4.26558
-4.04115
-4.66943
-4.07171
-3.28274
-2.9564
-3.15711
-4.014
-3.37952
-4.57597
-3.36321
-2.98517
-4.29264
-3.97418
-4.12999
-2.80752
-3.43396
-4.63299
-4.1954
-4.52081
-3.67485
-3.1891
-4.17129
-4.36849
-3.73106
-2.88986
-4.89518
-3.29287
-3.2517
-3.75074
-3.67255
-4.57056
-4.96525
-3.52159
-4.78697
-4.57398
-4.94917
-3.25056
-4.70697
-2.57457
-3.36316
-4.62562
-2.82622
-2.73066
-4.23263
-2.81375
-3.19393
-2.8404
-3.6807
-4.09479
-3.69082
-4.11468
-2.96969
-4.02194
-4.26259
-3.83214
-4.2472
-2.63389
-2.77915
-4.16836
-2.55671
-3.1297
-3.43519
-2.68934
-4.77284
-4.67982
-3.67885
-2.97652
-3.92214
-4.40521
-3.35315
-3.86461
-2.52101
-3.1745
-3.82375
-3.28057
-4.04946
-4.22809
-4.00806
-3.43633
-4.45796
-4.95147
-4.42813
-3.53677
-2.57462
-4.17587
-3.83839
-4.27189
-2.60699
-3.11448
-2.58306
-3.42449
-2.84977
-3.51773
-4.94184
-2.5053
-4.1093
-4.98864
-4.07633
-3.35243
-4.22446
-3.07711
-4.53279
-2.61886
-2.73341
-2.84401
-4.32509
-4.24222
-4.04105
-2.85817
-4.7814
-3.54302
-2.55637
-4.83535
-2.78951
-3.34399
-4.91455
-3.79601
-4.50827
-2.90685
-2.9432
-3.81994
-4.28398
-3.30777
-3.61725
-2.59344
-2.92957
-4.79079
-3.89007
-2.89222
-4.55967
-4.3666
-4.47189
-3.99171
-3.66587
-4.81703
-4.78529
-3.9414
-3.03129
-4.41545
-3.02926
-2.79064
-4.86158
-3.51862
-2.50361
-3.16321
-3.99581
-2.58103
-4.29706
-3.11692
-3.61792
-3.93608
-3.67286
-4.75017
-3.64651
-4.45789
-3.82403
-2.92321
-2.92307
-3.08324
-2.55957
-3.6254
-4.64209
-4.55304
-2.8725
-3.0612
-4.57396
-4.52575
-4.22738
-4.57003
-3.45581
-4.3237
-3.38624
-2.59487
-4.45232
-2.59883
-3.59135
-4.77278
-3.61613
-3.87807
-3.65718
-3.78271
-3.50997
-4.61013
-2.53082
-3.01734
-4.99998
-4.71226
-4.01322
-2.67033
-2.7279
-2.81252
-4.96551
-2.90468
-4.03868
-3.16764
-3.51568
-3.04612
-3.65708
-4.55905
-3.95636
-4.48299
-3.07239
-2.69289
-4.47618
-3.7236
-2.54514
-3.62815
-3.30123
-3.77373
-2.50227
-3.17427
-4.96349
-3.91079
-3.66935
-3.28365
-3.2278
-4.55467
-2.78907
-3.41569
-4.96715
-2.94951
-4.96868
-3.54305
-3.06848
-4.51052
-3.32377
-2.61537
-4.03873
-3.89037
-2.87273
-4.4196
-2.70351
-2.94959
-3.74242
-3.81807
-2.83467
-4.81949
-3.69166
-3.22295
-3.05002
-4.12304
-3.36278
-3.18841
-2.66663
-2.96414
-3.3525
-2.92906
-3.71577
-3.52596
-3.25392
-3.60275
-3.94718
-2.69719
-4.20512
-2.94735
-3.61525
-4.00366
-4.51393
-3.08761
-3.50175
-3.83707
-4.64925
-4.872
-3.66234
-2.92815
-3.42984
-2.79696
-3.44197
-4.12396
-3.94085
-3.8942
-4.83624
-2.70573
-2.72788
-4.93108
-4.14257
-4.09029
-3.07788
-4.92441
-4.49234
-2.70914
-4.98794
-4.85047
-4.36134
-3.55049
-3.01696
-3.51934
-4.51795
-3.13716
-3.78196
-3.48504
-3.11088
-4.55345
-4.77872
-3.45159
-3.37842
-3.66166
-4.02069
-3.22482
-4.5365
-4.9158
-4.91365
-3.64703
-3.19056
-3.68804
-4.84172
-4.74027
-4.76675
-4.71967
-3.50817
-4.39317
-3.48267
-3.20579
-4.67926
-4.36191
-3.15894
-4.78831
-4.56241
-2.93153
-2.80645
-3.02242
-2.77798
-4.52094
-3.44913
-4.5838
-4.91088
-4.65695
-4.3945
-3.28721
-3.20782
-3.78811
-4.19251
-3.4961
-4
-3.07266
-4.76259
-4.91761
-2.83715
-3.97742
-3.42657
-2.78574
-4.91946
-3.92748
-4.15619
-3.12504
-2.52131
-3.09776
-3.98476
-4.36455
-2.50145
-4.28646
-4.97381
-4.82261
-3.59675
-3.14853
-4.84125
-4.35364
-4.13764
-3.7365
-4.27024
-4.84803
-3.31061
-3.84603
-2.70407
-4.87375
-3.1277
-4.74482
-3.68428
-4.15226
-4.49067
-4.73278
-3.89316
-4.78661
-3.48689
-4.13253
-2.98813
-4.04049
-3.53225
-4.02421
-4.85208
-3.91254
-3.06334
-2.97569
-4.8617
-3.02077
-2.50057
-4.61673
-3.37256
-2.5957
-3.4361
-3.07064
-3.28979
-4.04262
-4.3095
-4.75164
-3.24282
-4.51274
-3.06134
-4.47869
-3.32653
-4.01868
-4.40956
-4.01718
-4.22329
-3.31502
-3.06777
-2.56597
-3.83804
-3.43968
-3.14726
-3.52838
-4.00475
-2.77917
-4.46411
-3.36972
-4.95483
-3.32367
-3.46324
-4.24049
-4.99586
-2.9765
-3.5877
-3.46668
-4.44872
-4.59785
-3.54504
-4.00107
-3.48969
-3.69406
-3.51579
-4.96391
-3.50553
-4.97621
-2.73131
-2.59876
-4.87881
-3.12326
-2.68357
-2.71313
-4.52909
-2.93597
-4.88758
-3.09955
-4.13867
-3.54698
-4.02312
-4.03374
-2.55215
-3.91325
-4.91678
-3.86156
-3.79144
-2.7247
-3.95191
-4.79978
-4.91366
-3.8498
-3.5058
-4.53292
-4.82001
-4.90748
-4.95187
-3.52807
-3.69583
-3.2648
-4.03887
-3.78586
-3.95892
-2.59662
-3.83589
-4.84562
-2.77017
-3.2342
-4.74721
-3.86339
-4.49325
-3.03882
-3.51318
-3.49617
-2.69437
-4.22567
-3.3018
-3.36762
-4.61333
-3.79144
-2.78783
-2.63302
-3.14572
-2.5736
-4.44948
-4.95904
-4.06536
-4.06111
-2.63123
-3.0868
-4.93108
-4.08741
-4.57773
-2.94937
-2.5876
-4.81523
-4.59427
-3.44101
-3.05138
-4.51992
-3.8023
-2.78607
-2.93246
-3.28967
-4.49021
-4.51109
-2.92293
-3.1856
-2.80048
-2.65692
-4.88092
-3.64602
-3.63097
-3.2078
-3.47362
-3.67534
-3.88524
-4.29108
-2.65315
-3.93509
-4.54732
-4.35566
-3.14959
-2.62927
-2.71351
-3.47109
-3.66246
-4.96236
-4.90289
-2.84329
-4.63763
-4.65239
-2.76516
-4.11324
-3.65629
-3.7293
-3.26866
-3.8323
-4.54745
-4.02564
-3.97442
-3.03893
-2.84234
-3.67917
-3.38126
-3.78788
-2.82861
-2.96125
-4.76342
-3.85591
-3.74557
-4.21993
-4.29251
-4.26954
-3.09276
-2.56628
-3.98505
-4.26605
-4.4874
-4.78764
-3.37843
-3.78806
-3.35597
-3.75077
-4.23613
-4.10669
-3.60451
-3.41759
-4.35573
-4.32499
-2.63199
-3.29882
-3.34116
-4.81001
-4.34776
-2.79857
-3.14079
-4.76834
-4.00497
-4.02467
-2.66108
-4.68679
-3.44172
-4.90432
-4.35584
-3.6177
-2.67774
-4.75393
-4.24037
-2.97341
-4.13898
-3.83836
-3.89284
-4.40306
-4.75971
-4.01054
-2.67526
-3.10897
-2.52935
-3.32644
-4.98213
-4.59562
-3.52427
-4.94289
-2.6233
-4.81072
-3.79647
-4.82818
-4.67632
-4.891
-3.06551
-4.48842
-4.35277
-4.42165
-4.74692
-3.91587
-4.0651
-4.57835
-3.24578
-4.35937
-2.95514
-4.50108
-4.68239
-4.35171
-4.15224
-4.11814
-3.53407
-4.57982
-3.04033
-3.76639
-4.17526
-3.6644
-2.57997
-4.02333
-2.64236
-2.65319
-4.69323
-4.11286
-4.84323
-2.58787
-4.29156
-3.28989
-3.18307
-2.78758
-3.40519
-3.60372
-2.68953
-3.00159
-2.76547
-4.26551
-2.94182
-3.21402
-2.97013
-3.99196
-2.80639
-4.555
-3.39199
-4.14706
-4.70633
-4.22558
-4.36586
-4.47194
-4.92684
-2.95849
-3.31895
-4.09631
-4.13476
-2.86967
-3.04142
-4.67996
-3.5217
-4.14225
-3.76435
-4.96883
-3.55759
-4.84444
-2.94449
-3.02466
-2.90108
-3.4357
-3.85511
-2.81761
-3.06183
-2.68405
-3.33207
-4.5286
-4.67412
-3.00806
-4.00821
-3.56678
-4.30856
-3.90026
-4.23747
-4.10527
-4.75715
-3.37138
-2.76973
-3.29389
-2.88931
-3.16273
-3.42571
-3.37732
-2.53611
-4.47327
-4.67682
-3.31329
-3.96968
-3.48886
-4.75236
-2.88844
-3.53309
-3.12678
-4.23867
-4.31076
-3.49555
-4.7438
-3.98832
-4.12606
-4.19984
-4.1893
-4.54254
-3.99419
-2.87942
-4.45676
-4.81292
-3.16666
-4.47888
-3.96129
-4.8355
-2.6763
-3.09439
-4.98064
-4.68012
-3.70074
-3.34251
-2.52219
-2.99548
-2.61062
-4.26351
-4.28707
-2.70589
-2.85376
-3.16091
-2.95125
-4.23593
-3.30946
-4.5632
-3.78436
-3.70178
-3.31979
-3.17418
-3.51962
-4.3331
-3.93247
-3.06743
-4.33208
-4.32178
-3.64544
-3.86123
-3.27148
-3.79387
-3.62916
-2.71511
-2.84919
-3.88828
-2.82038
-4.55095
-2.86673
-3.67124
-4.97786
-2.86231
-4.2598
-4.46882
-4.91402
-4.91525
-3.12046
-3.04664
-4.81888
-3.34839
-3.86867
-3.22324
-3.04856
-4.67757
-3.36996
-3.85467
-2.94582
-2.81727
-4.80798
-2.74643
-4.24425
-3.18474
-3.36077
-4.45126
-4.89443
-3.21274
-4.08219
-4.36683
-3.30387
-3.18123
-4.42175
-3.88787
-3.44391
-4.333
-4.75151
-3.55245
-3.53197
-4.29982
-4.56627
-2.7598
-3.9112
-3.03282
-2.64887
-4.53819
-3.31423
-4.84135
-3.50592
-4.06662
-2.7431
-3.33946
-3.83527
-4.42663
-3.28779
-2.92594
-3.73271
-3.15516
-3.74466
-4.07021
-2.97872
-3.26822
-3.91952
-2.87372
-3.6667
-3.70872
-4.88618
-4.55421
-2.6357
-3.27035
-4.80061
-3.77876
-4.55105
-4.44954
-3.37351
-3.59822
-2.76499
-3.6059
-4.27466
-4.2172
-3.51559
-4.02557
-2.83791
-4.27903
-2.61548
-3.30027
-2.58688
-2.62963
-3.74467
-4.12139
-3.23585
-4.92702
-3.49138
-4.67146
-3.15978
-3.88051
-4.66143
-4.65271
-3.02724
-3.87394
-4.28368
-3.29212
-3.15265
-4.08863
-2.61278
-2.91519
-3.11112
-3.64425
-3.92289
-4.57548
-2.50913
-3.43282
-2.89259
-3.21049
-3.72968
-4.75065
-4.21689
-3.26543
-4.53115
-2.61962
-3.01103
-3.8696
-3.9093
-3.64698
-4.81162
-3.83674
-4.08601
-3.53721
-4.84215
-4.50825
-2.66255
-4.49114
-2.59981
-2.52011
-2.97845
-3.80625
-4.09574
-4.66743
-3.05349
-4.95132
-4.37487
-3.47762
-3.28332
-2.80346
-2.68677
-4.07434
-4.889
-4.48641
-3.12186
-4.05085
-2.59076
-2.91904
-2.88474
-3.78639
-2.91914
-4.42182
-4.97914
-4.4154
-4.6611
-4.13265
-4.9522
-4.10611
-3.96588
-4.56806
-2.95414
-2.81515
-4.145
-4.97071
-2.69122
-3.87647
-4.26443
-4.75238
-3.28099
-3.6397
-4.90072
-3.98266
-4.08347
-3.44094
-4.38413
-4.14535
-3.43554
-3.55877
-4.69475
-4.66922
-3.13854
-4.43006
-3.45872
-3.25036
-3.84189
-3.10065
-2.63179
-4.97502
-2.72907
-4.89671
-4.07661
-3.0486
-2.81655
-2.77267
-2.7512
-4.43584
-3.09837
-4.23075
-3.70412
-2.65406
-4.33979
-3.86226
-2.97838
-2.64413
-4.87843
-4.22215
-4.24202
-3.17616
-4.17269
-2.94017
-2.85868
-3.27839
-4.97539
-3.80961
-3.05046
-4.01958
-4.59559
-3.16631
-3.7333
-3.12488
-4.80031
-3.85495
-2.68239
-2.97318
-2.81601
-3.74615
-3.97209
-3.9265
-2.61534
-3.4694
-2.67397
-3.86356
-4.91575
-4.05083
-4.76358
-3.98181
-4.80424
-4.91763
-3.08478
-3.33303
-3.27896
-4.47591
-4.17486
-4.29614
-2.64785
-4.90468
-2.95959
-4.28098
-2.99049
-3.69856
-4.245
-3.14803
-3.99994
-4.53673
-3.76327
-4.21914
-3.61244
-4.24204
-3.39387
-3.22511
-4.49122
-3.85872
-3.53102
-3.37255
-4.97322
-4.86972
-2.84735
-2.91523
-3.73535
-2.59823
-3.50339
-4.01
-3.52399
-2.61752
-2.67118
-4.46031
-4.41101
-3.35603
-4.84259
-4.41526
-4.82716
-2.59116
-4.61104
-2.75702
-4.78418
-2.65431
-3.54392
-2.6736
-2.76733
-3.02875
-4.11918
-3.62307
-2.93374
-4.83044
-2.7195
-4.09654
-3.08715
-3.26806
-3.78518
-2.58308
-3.80426
-3.22094
-4.26599
-3.43949
-2.5355
-4.10382
-2.82864
-3.48671
-3.71052
-2.69724
-2.51542
-4.21225
-2.71228
-2.84507
-4.56985
-3.02697
-4.26609
-2.59553
-3.10262
-3.30098
-4.54993
-3.20223
-4.92695
-4.72042
-3.59235
-4.13348
-3.89233
-3.42591
-4.27564
-3.21679
-4.63824
-4.94385
-3.83928
-4.33278
-3.46689
-2.99539
-3.5773
-3.7089
-2.98135
-2.61867
-4.42853
-2.72452
-3.58766
-2.75776
-4.75587
-4.36776
-4.01609
-3.44471
-2.66659
-4.89272
-4.44974
-4.29547
-4.02302
-4.85804
-3.99633
-3.75771
-3.33704
-3.06836
-4.94005
-2.50192
-4.72738
-3.14633
-2.81771
-4.71998
-3.76638
-4.04267
-2.58542
-3.2368
-3.34347
-3.73344
-2.93718
-2.63982
-4.94739
-3.36387
-4.05348
-4.30761
-3.07801
-4.55269
-4.5496
-2.63144
-4.15819
-4.24109
-2.57507
-4.24581
-4.2909
-4.6857
-2.56734
-4.23336
-2.57164
-4.12385
-4.56419
-2.77683
-2.62505
-4.13722
-4.30394
-3.75519
-3.43165
-3.317
-3.79097
-4.75162
-2.98793
-3.15582
-4.88501
-4.89052
-4.92953
-3.06538
-4.78402
-2.59051
-3.73759
-2.70413
-3.36386
-3.97328
-3.87413
-2.51247
-4.53546
-2.51733
-3.84718
-4.56849
-2.57491
-3.98515
-3.48036
-4.35336
-4.46643
-4.74995
-4.95566
-4.72354
-3.52112
-4.46087
-3.88966
-3.57316
-4.17139
-3.61641
-3.55182
-2.89351
-3.66902
-2.69575
-2.54897
-3.07771
-4.62125
-4.4316
-4.4399
-3.91682
-4.94096
-2.79697
-3.69791
-3.23848
-4.1239
-2.90014
-2.65682
-3.21852
-3.70444
-3.00448
-3.83328
-3.38472
-4.55457
-3.63831
-4.13657
-3.30358
-3.31706
-4.87104
-2.62407
-2.80042
-4.16728
-4.42761
-4.85303
-4.82179
-4.79063
-3.58451
-4.88362
-3.9418
-4.76056
-3.23645
-2.59739
-4.34707
-3.78765
-4.00621
-4.90552
-4.62406
-4.13148
-2.72681
-4.55332
-2.70195
-4.24182
-4.72815
-3.5559
-4.07041
-3.80993
-3.51236
-4.76886
-2.71588
-3.21363
-3.99678
-3.95663
-4.0323
-3.35788
-3.45458
-3.62487
-3.16336
-4.14097
-4.72266
-3.78385
-2.68851
-3.28882
-2.76187
-3.81225
-4.94718
-4.74576
-4.46286
-4.85618
-2.76864
-2.59075
-2.76516
-4.02298
-4.19675
-4.71092
-3.88601
-4.69414
-4.40064
-3.98361
-4.96707
-4.05313
-3.49652
-3.44147
-3.21195
-3.18002
-4.12575
-3.91495
-3.49594
-3.82564
-4.96623
-4.97893
-3.43441
-4.61254
-2.88646
-2.69315
-3.72618
-3.34638
-2.68128
-4.20254
-4.558
-3.77547
-4.37544
-2.9758
-4.18724
-4.86754
-3.72
-4.55325
-3.99452
-3.42071
-4.32806
-4.16018
-2.57294
-3.33406
-3.08658
-3.7175
-2.56462
-3.63038
-3.25502
-4.69729
-4.77611
-4.6591
-3.02718
-2.80329
-4.91426
-3.98404
-4.8146
-4.03055
-3.99609
-4.71169
-4.41786
-3.39593
-2.93473
-3.99127
-3.84943
-4.87347
-3.42787
-4.65882
-3.24323
-4.01491
-3.60502
-4.5044
-3.01306
-3.03832
-2.50398
-4.36486
-2.69682
-3.01636
-3.45484
-3.03968
-2.97197
-4.82519
-4.46883
-2.61864
-3.97072
-3.42161
-4.45434
-4.0183
-3.03632
-3.85016
-4.64127
-3.25309
-4.72333
-2.53177
-3.99572
-3.53479
-4.2051
-2.56243
-4.25798
-3.9449
-4.45381
-2.76296
-4.54156
-2.56523
-3.88531
-2.87652
-3.12898
-3.83722
-4.73412
-3.84382
-3.09914
-4.7471
-4.46109
-2.58962
-3.7202
-2.86549
-2.75953
-4.42714
-4.44364
-4.24656
-4.38498
-3.32131
-3.81773
-4.6459
-3.61858
-4.9621
-3.05493
-4.19624
-3.71187
-2.92498
-2.5945
-3.28987
-2.90214
-3.73868
-3.45215
-2.85723
-4.00955
-3.4616
-4.09897
-3.9165
-4.59734
-4.91252
-4.66306
-4.54128
-2.80529
-3.58909
-4.3866
-3.05862
-3.79918
-2.89919
-4.16107
-2.66983
-4.26779
-3.75198
-4.50235
-3.57833
-3.47422
-3.7612
-4.46167
-4.7588
-3.72478
-4.90586
-2.79814
-3.37019
-2.80738
-3.60572
-3.78524
-3.55711
-4.33968
-4.58131
-3.06816
-3.98602
-3.10103
-4.04153
-3.43698
-2.8209
-3.41488
-3.94829
-3.98001
-4.5044
-2.8843
-3.91286
-3.40741
-3.42356
-4.84385
-3.09035
-4.45329
-4.01793
-4.34785
-4.29032
-4.9009
-4.42078
-2.51336
-4.62396
-4.87678
-4.12587
-3.45107
-4.69575
-3.99527
-3.53118
-3.53534
-3.40372
-3.8575
-3.02836
-2.64433
-3.26672
-3.70562
-2.84317
-2.7244
-3.9247
-4.9881
-2.50199
-3.37743
-4.46661
-2.74178
-3.56362
-3.74808
-4.0003
-3.05655
-4.01262
-2.55383
-4.68103
-4.14995
-3.27861
-3.65018
-3.56265
-4.97344
-3.60252
-2.62425
-3.26266
-3.0624
-4.76403
-4.13471
-4.55731
-4.74786
-4.73653
-4.28463
-4.23492
-3.84821
-4.35527
-4.09714
-3.07575
-4.15862
-3.96777
-3.7802
-3.81019
-2.85647
-3.63355
-4.00601
-4.05586
-4.27958
-4.44259
-4.11698
-4.00763
-3.7176
-4.26369
-4.82649
-3.89245
-2.84768
-3.37952
-4.60366
-3.67814
-3.439
-4.26749
-3.63829
-3.69812
-4.22785
-4.9179
-2.64403
-3.17152
-3.6594
-3.61027
-2.72901
-3.97013
-3.48903
-2.54549
-4.58081
-4.62751
-4.62573
-4.70611
-3.10737
-3.13102
-3.07544
-3.88435
-4.33696
-3.79752
-4.89979
-3.1875
-4.84829
-2.6687
-2.83451
-4.63873
-3.05309
-3.23193
-4.12033
-2.86121
-3.27268
-3.99602
-3.63516
-3.56625
-2.99485
-4.46246
-3.02585
-2.96595
-3.7689
-3.8889
-3.23995
-3.89866
-4.8454
-4.0845
-3.14363
-2.53283
-4.25676
-3.41813
-3.58921
-3.79206
-3.23506
-4.13797
-4.30018
-3.16845
-4.61552
-3.10289
-2.74743
-3.60004
-3.42097
-3.76627
-4.76676
-2.51707
-4.44412
-4.89541
-4.68768
-3.36081
-2.62834
-4.55733
-2.51818
-3.05173
-2.89246
-3.51048
-3.12859
-4.70557
-4.01818
-3.56307
-4.55648
-3.26039
-4.94196
-4.45168
-4.39952
-2.75424
-3.07089
-4.90053
-3.27931
-2.83794
-4.79355
-2.73851
-3.68316
-2.89317
-3.07974
-3.66897
-4.45207
-3.4995
-3.57098
-2.53909
-4.55679
-3.39062
-3.61977
-2.51841
-4.35425
-4.3422
-4.41232
-2.88169
-4.99554
-2.52845
-3.16031
-2.76782
-3.71213
-4.83238
-2.77105
-3.03805
-3.07731
-2.77651
-4.77054
-3.41524
-4.97769
-2.53431
-4.06659
-4.65268
-2.62872
-3.46977
-3.86067
-3.8274
-4.64492
-4.68686
-4.60092
-2.62381
-3.33814
-4.08199
-3.49711
-3.39381
-4.75371
-3.02095
-3.12613
-3.37665
-3.80304
-2.75901
-3.19195
-4.65869
-3.64534
-4.65311
-4.82037
-3.54329
-4.59124
-4.93363
-4.45938
-3.78318
-3.89876
-3.91214
-3.80546
-3.38407
-3.55611
-2.5981
-3.81025
-3.83331
-4.02257
-4.8843
-2.97207
-4.12232
-3.83343
-3.49075
-4.00726
-2.5985
-2.9575
-4.1383
-4.84693
-4.78735
-3.4975
-4.91764
-3.20777
-2.94937
-2.6166
-4.66274
-4.11199
-2.73975
-4.45399
-3.26371
-3.1026
-2.97984
-4.72564
-3.82685
-2.86541
-3.94875
-4.14954
-3.77526
-3.37584
-2.69614
-3.98939
-4.6678
-4.18596
-3.35829
-2.75916
-3.16824
-3.54371
-4.05829
-2.70148
-3.70621
-2.77724
-4.62542
-4.42721
-3.04043
-2.95219
-4.91483
-3.5508
-3.31838
-4.58627
-3.9511
-3.56352
-4.65324
-4.55868
-2.69301
-3.93536
-4.07811
-3.22544
-2.51567
-3.42377
-3.32684
-4.18105
-3.37884
-3.23277
-3.08343
-3.24441
-3.78407
-3.78289
-3.9911
-3.34017
-3.26509
-3.79247
-2.53647
-2.90853
-3.66037
-4.83247
-4.32361
-4.34678
-3.7831
-4.99643
-4.97126
-4.44383
-4.95343
-4.82251
-4.4911
-4.35591
-4.85335
-2.69258
-4.11121
-4.56983
-2.59677
-3.96272
-3.85998
-4.7515
-3.41786
-3.91086
-4.77729
-4.43062
-2.99523
-3.36059
-3.98304
-2.8729
-4.83825
-3.93316
-4.56437
-3.34287
-3.54008
-3.18923
-3.93299
-4.3162
-4.83509
-3.39823
-4.13528
-4.21333
-3.44011
-2.97094
-2.64439
-4.2971
-3.81312
-4.56187
-3.80751
-2.89534
-4.55978
-3.66093
-4.31173
-4.73492
-4.73499
-3.52963
-2.51055
-4.74294
-4.64777
-2.50418
-2.73278
-4.8532
-2.65466
-4.36611
-3.76496
-2.67862
-4.53489
-2.82244
-4.24096
-2.86463
-3.37061
-4.90173
-3.33569
-2.95264
-4.99557
-3.02546
-3.96754
-4.9838
-2.78876
-3.21579
-2.77418
-3.10641
-4.38115
-3.99476
-4.94289
-2.71467
-3.0144
-2.98861
-4.56847
-4.73382
-3.7395
-4.8114
-2.73399
-2.6383
-4.46121
-4.63367
-3.10202
-3.08551
-3.20774
-4.91037
-3.60913
-3.6242
-4.37741
-3.56011
-4.73483
-3.30099
-4.68955
-4.83637
-4.9259
-4.53877
-3.15987
-2.86536
-3.16829
-4.37246
-2.92352
-3.13806
-3.81531
-3.83193
-3.26106
-3.59923
-4.72246
-2.84684
-4.38231
-3.54454
-3.11656
-2.58418
-4.87831
-4.74971
-3.43097
-4.24483
-2.87319
-4.77716
-4.66974
-4.35899
-4.09512
-4.13293
-4.57336
-4.4085
-3.68442
-4.12496
-3.19715
-4.4563
-4.60909
-4.93143
-2.54701
-2.6438
-4.4011
-4.34343
-2.57926
-4.58808
-4.35775
-3.25882
-3.4488
-3.91197
-3.48928
-4.31292
-4.70401
-2.87451
-4.34329
-2.7019
-3.34071
-4.79607
-2.54812
-3.74084
-4.82213
-3.09905
-3.16936
-4.92954
-3.2237
-3.29348
-3.48618
-4.72976
-3.08535
-2.9082
-3.18586
-4.80735
-4.67876
-3.37275
-3.26436
-4.14039
-4.99744
-4.4687
-3.01403
-4.31527
-4.2054
-2.70073
-3.74857
-4.67412
-2.9648
-4.43309
-4.45836
-4.11995
-4.02936
-3.94056
-4.06615
-4.83242
-3.5605
-3.75474
-3.48616
-4.31532
-2.50177
-4.82837
-2.86813
-4.6183
-4.69505
-4.6251
-3.98328
-4.49922
-3.33513
-3.61619
-4.82005
-3.04536
-3.43929
-4.13985
-3.47483
-3.95849
-2.80735
-3.15731
-4.82767
-3.65017
-3.48038
-4.68244
-2.80157
-3.56474
-2.54708
-3.75395
-2.70751
-2.56937
-3.45385
-3.78879
-3.17094
-3.92002
-3.71172
-2.9089
-4.83984
-3.12385
-2.61785
-3.23144
-3.31074
-3.60118
-4.98888
-3.15833
-4.51659
-2.79236
-3.72642
-4.94081
-2.66168
-4.79388
-3.31439
-4.95148
-4.51596
-4.7196
-4.85535
-3.87698
-2.81871
-4.04136
-3.06519
-4.17377
-3.48697
-3.01551
-4.20183
-2.66796
-2.95044
-2.99081
-4.0825
-4.54906
-3.55029
-4.74532
-4.60661
-3.21412
-4.76914
-4.92563
-2.52378
-4.66757
-2.93302
-2.70043
-3.61703
-3.96373
-3.33419
-2.65447
-3.63189
-3.60285
-3.16823
-3.51449
-3.0935
-4.90461
-4.29459
-4.22353
-4.86026
-3.83318
-4.17787
-4.97835
-3.6736
-4.6293
-4.59678
-3.00812
-4.91069
-4.01797
-2.54727
-4.4936
-3.95953
-2.83644
-4.58945
-4.95904
-4.13652
-2.56845
-2.97262
-3.36313
-4.11718
-4.97381
-4.83091
-3.02681
-4.09017
-3.51039
-4.08691
-3.73437
-3.60379
-3.86684
-4.90222
-4.08508
-2.85823
-3.28543
-3.19702
-4.77414
-3.91415
-2.66648
-3.0706
-2.65075
-3.65337
-4.74593
-4.82174
-3.96596
-3.44777
-4.25082
-3.47739
-4.57675
-4.00699
-3.00618
-4.87186
-3.82537
-2.91577
-2.79162
-3.72094
-2.81296
-4.86353
-3.80084
-3.19258
-2.73122
-3.57027
-3.04878
-3.40384
-3.3128
-3.27166
-4.3
-2.62243
-2.60838
-4.01149
-3.61609
-3.09124
-4.50565
-4.00164
-3.11896
-2.85592
-4.46902
-3.38685
-2.83567
-4.1481
-4.66293
-4.78897
-3.20293
-4.21145
-4.25838
-3.13921
-3.12975
-4.16431
-4.57853
-3.85367
-3.67273
-2.60661
-4.26172
-4.2162
-4.13939
-3.30456
-4.69153
-3.03331
-3.30226
-3.63281
-4.10482
-4.66903
-4.92235
-4.96255
-3.11861
-4.41852
-4.64143
-3.46522
-4.99959
-3.11111
-3.46581
-4.86132
-4.27413
-2.78612
-3.83981
-3.12314
-3.09324
-3.11414
-4.2926
-3.21886
-4.41806
-4.33787
-4.10973
-4.76691
-4.94432
-4.24489
-3.94102
-4.29297
-4.4599
-2.58299
-4.85699
-3.92431
-3.34079
-3.71047
-4.38604
-3.62368
-3.2206
-3.62611
-4.02091
-4.45019
-4.3525
-4.93818
-3.52307
-4.68396
-3.31065
-4.54297
-3.64411
-4.02769
-3.42195
-2.66731
-4.49982
-3.47533
-4.89371
-3.57772
-3.29554
-3.14661
-2.51482
-4.0966
-4.13457
-4.79909
-3.33447
-4.87686
-2.87556
-4.57624
-2.86459
-2.60171
-4.47173
-3.89081
-2.87043
-3.27833
-3.8802
-4.56922
-4.91969
-2.81337
-4.31223
-3.11257
-3.04493
-3.69072
-4.95776
-2.60456
-4.81918
-3.44316
-4.18031
-3.39786
-2.81819
-2.82994
-2.82628
-3.72371
-4.40488
-2.79506
-4.01592
-3.01132
-3.81706
-3.35092
-3.94042
-4.13914
-3.97779
-4.68304
-2.90896
-3.37008
-3.42944
-3.61345
-3.78818
-2.95795
-4.34107
-2.82455
-4.71249
-2.89721
-3.42845
-4.48115
-4.61349
-3.86243
-3.28008
-3.37037
-3.36068
-2.94301
-3.08959
-4.23308
-2.82202
-4.62867
-4.08428
-4.47802
-4.50784
-3.28102
-4.10247
-2.73014
-2.92536
-4.06577
-3.46769
-3.94082
-3.39351
-4.70624
-2.85524
-3.08569
-3.64707
-3.72862
-4.41097
-2.70762
-4.43684
-2.51432
-3.16373
-2.82554
-3.84245
-2.61057
-3.34238
-2.94709
-4.23749
-4.52648
-4.1209
-2.54982
-4.81983
-4.32661
-4.77272
-2.60397
-4.92477
-3.10988
-2.70777
-4.55508
-4.66596
-3.36822
-4.64067
-3.29406
-3.21676
-4.14829
-2.84947
-3.5571
-4.18789
-3.40591
-3.10293
-3.46672
-2.58046
-4.82811
-3.50665
-3.73972
-3.46109
-3.07958
-3.45722
-2.92386
-3.81141
-3.38677
-4.019
-4.88831
-2.90155
-3.78402
-3.10675
-2.61273
-4.70737
-4.33356
-4.19891
-3.60496
-3.60652
-4.84032
-3.71773
-3.86759
-2.64355
-2.60417
-3.32276
-3.2002
-3.25952
-2.82948
-2.54935
-4.42554
-2.61931
-2.68534
-2.53553
-4.59966
-3.90521
-4.8619
-3.98963
-3.66557
-4.67467
-4.72391
-4.68642
-4.66886
-4.53828
-4.80109
-4.39034
-3.40503
-3.41869
-2.86287
-3.70568
-3.87146
-2.64554
-3.51897
-3.38231
-3.95739
-4.37752
-3.04112
-4.57977
-4.62014
-3.21095
-3.87951
-2.87514
-4.97203
-4.897
-3.87161
-2.63411
-3.91831
-2.59562
-4.58646
-4.70792
-3.54099
-3.47399
-4.93133
-3.28735
-3.01636
-3.48947
-2.5944
-4.02552
-4.35202
-4.46386
-4.01304
-4.64315
-4.89798
-2.84093
-2.53436
-2.53301
-4.76761
-4.16292
-3.73468
-3.79107
-3.95513
-3.83174
-2.59926
-3.31935
-3.33933
-4.13342
-2.91415
-3.17546
-4.94445
-3.83005
-4.22507
-3.32995
-3.96793
-3.92614
-4.10561
-2.90379
-4.07015
-4.45364
-4.77757
-4.12343
-2.52607
-3.14586
-4.98189
-3.09996
-3.55076
-2.59071
-4.53157
-4.65725
-4.42088
-4.28743
-3.78093
-3.60221
-4.79115
-4.79653
-2.81671
-2.95126
-4.38804
-4.74637
-4.75264
-2.64967
-3.03304
-3.79157
-4.9863
-4.7554
-3.95875
-4.68891
-3.93031
-4.18927
-4.13328
-3.05441
-2.88811
-2.99474
-2.58215
-3.2434
-4.39828
-4.42808
-2.72819
-2.74804
-3.81201
-3.40001
-3.92475
-3.33865
-2.69996
-3.17483
-4.41632
-2.55322
-4.50059
-3.93936
-3.82057
-4.7917
-4.09982
-3.10085
-3.55381
-3.88636
-2.98915
-3.72702
-2.55541
-3.81063
-2.72216
-3.77863
-2.50993
-4.39439
-4.00548
-2.64381
-4.56947
-4.0501
-2.53875
-3.79904
-3.01295
-3.61831
-2.9961
-2.98919
-4.35321
-4.39384
-4.79246
-4.31921
-2.9853
-3.93443
-3.43413
-4.97148
-3.14924
-4.34807
-3.05132
-3.54268
-4.33639
-4.12751
-3.58373
-4.30857
-4.15141
-2.78509
-3.98006
-2.83988
-4.87203
-4.17002
-2.95562
-2.65808
-4.28439
-2.72074
-4.95898
-3.10749
-2.65122
-4.09585
-3.89716
-4.54889
-3.17259
-4.28715
-4.19667
-3.50049
-2.7517
-2.77501
-4.57123
-3.70267
-3.23931
-3.13279
-2.7794
-3.45934
-3.60866
-3.24872
-3.68964
-4.31452
-4.07333
-2.94916
-4.03433
-2.51519
-2.83293
-3.04799
-2.566
-4.31234
-4.95848
-4.7188
-3.873
-3.53125
-4.75326
-2.98547
-4.26873
-4.51526
-3.0499
-4.64789
-4.67118
-3.57325
-3.13283
-3.49644
-4.62264
-2.77927
-3.62718
-4.49202
-4.80777
-4.18346
-3.83736
-4.47279
-4.24159
-3.33451
-3.17746
-3.5336
-4.22267
-2.97983
-4.52626
-2.9017
-3.81983
-4.83664
-4.40416
-3.28999
-4.91424
-3.61748
-3.91345
-3.36627
-4.47053
-3.72621
-3.91697
-4.94372
-4.10855
-4.94587
-2.67092
-2.59492
-2.76354
-4.31942
-3.97201
-2.50558
-3.77221
-4.54513
-4.94927
-4.80778
-4.28068
-2.86553
-3.47991
-4.32285
-4.13552
-3.19795
-2.94535
-4.91962
-4.03943
-3.24876
-4.45625
-3.76971
-2.50365
-3.87621
-4.91715
-2.61489
-3.4707
-4.54417
-3.8472
-4.81823
-4.94573
-2.85099
-4.00607
-4.95591
-3.95406
-3.44366
-2.52877
-3.57185
-4.57143
-4.51217
-3.4661
-4.67736
-4.86744
-4.57719
-3.78499
-4.27035
-4.31814
-4.98917
-2.98477
-2.55516
-4.53851
-3.67628
-4.66845
-2.60229
-4.23826
-4.89664
-2.75199
-2.77796
-4.11577
-3.73784
-4.39627
-3.09355
-3.29707
-3.87742
-2.78743
-3.38143
-4.11318
-2.64129
-4.59355
-3.81442
-3.9967
-4.96443
-4.70877
-2.75814
-3.5738
-4.89147
-3.3575
-4.49683
-3.17858
-4.93287
-4.30424
-3.82397
-4.53783
-4.88194
-3.34216
-4.11677
-2.99975
-4.33674
-2.51322
-4.60424
-3.45705
-2.60337
-4.89448
-3.95175
-4.53784
-4.89938
-3.84258
-4.72762
-4.64292
-3.57576
-2.7448
-4.39612
-3.1282
-3.23612
-4.4229
-3.20263
-4.0378
-3.37469
-3.35196
-3.81341
-4.5501
-3.56101
-4.89251
-3.45448
-4.51929
-3.18613
-4.20912
-2.6481
-4.0851
-3.21143
-4.58581
-3.66521
-3.65459
-2.69958
-4.29456
-3.69413
-4.81542
-2.80017
-4.93632
-4.7705
-2.72683
-4.91385
-4.49016
-3.70098
-4.94648
-2.97869
-2.92532
-3.42018
-2.91554
-4.05779
-4.34413
-4.23683
-3.41196
-4.8753
-4.09657
-3.5681
-4.09399
-2.62125
-2.78031
-3.68292
-3.81033
-2.77526
-3.87351
-4.49788
-3.319
-4.99006
-2.92132
-3.60845
-4.73986
-2.86655
-3.11338
-4.01981
-3.41786
-3.92013
-3.14957
-4.82293
-3.99564
-4.68977
-3.44967
-3.62077
-4.29294
-3.8994
-4.67545
-2.79283
-4.04848
-2.88317
-4.90094
-2.66824
-2.52982
-3.71026
-3.25763
-3.56088
-2.64816
-2.69182
-3.97006
-4.73442
-3.88036
-4.76963
-3.21812
-4.37374
-4.45375
-4.12017
-2.72258
-3.4651
-2.93967
-4.53643
-3.75599
-4.49998
-3.60532
-4.68088
-4.07921
-4.2325
-3.08098
-4.60719
-3.08705
-4.03119
-4.76155
-4.87195
-2.87373
-3.85177
-4.24856
-3.06304
-2.98321
-3.74895
-3.60771
-4.78817
-4.73215
-3.2128
-2.59979
-4.73889
-3.99688
-3.01801
-3.64988
-3.50868
-2.80252
-4.52065
-3.56843
-4.65951
-4.93084
-2.61506
-3.75798
-2.91204
-2.62664
-3.47621
-4.66966
-2.9756
-3.47569
-3.33617
-3.57604
-4.97162
-2.95865
-3.5186
-4.56979
-4.52361
-3.2928
-4.60421
-3.00909
-3.70922
-3.43485
-4.46482
-2.77308
-4.72295
-3.62636
-3.20839
-3.41489
-4.09113
-4.54464
-4.30153
-3.24921
-4.41494
-4.41257
-4.48781
-4.12493
-2.74975
-2.59865
-2.93084
-3.69664
-4.40789
-3.34192
-2.59562
-4.54189
-3.10022
-2.86868
-3.96149
-3.32191
-3.81479
-2.59727
-4.85491
-4.00137
-3.44947
-2.80769
-3.88762
-4.16539
-2.75498
-2.93397
-3.69833
-2.83862
-3.69184
-3.71548
-3.49638
-3.65206
-2.62047
-4.73315
-4.99591
-3.67882
-4.95996
-4.59928
-2.56493
-3.79782
-4.89502
-3.16732
-3.11222
-4.55528
-3.01954
-4.48159
-4.63222
-3.72896
-2.64608
-2.61224
-3.84991
-2.89112
-3.49955
-4.47509
-2.78438
-4.58361
-4.15386
-3.89104
-4.18361
-3.94831
-4.2943
-4.23312
-3.60502
-4.65553
-3.00775
-3.77709
-4.03803
-4.60021
-3.29871
-3.9479
-4.83253
-2.75328
-4.39179
-2.75031
-4.39897
-3.55947
-4.05818
-3.26578
-2.96507
-3.9129
-4.18829
-2.60638
-2.86487
-4.90726
-3.80441
-3.17075
-3.22443
-3.01745
-4.19979
-3.40447
-3.93315
-4.39248
-4.44419
-3.5582
-2.58571
-3.03254
-2.92507
-4.11771
-3.83189
-2.58797
-3.5206
-3.27574
-2.78887
-2.56798
-2.50712
-4.66196
-3.52137
-3.68917
-3.82393
-3.79355
-3.13829
-2.77602
-3.98922
-4.33547
-3.81812
-3.57021
-4.56967
-4.86885
-3.30897
-3.84691
-4.95476
-4.73342
-4.59167
-4.64109
-2.73924
-3.3365
-3.97825
-4.91642
-2.69933
-2.71203
-3.65117
-2.74417
-3.69198
-3.56652
-4.94794
-4.99084
-3.6201
-3.01127
-2.83548
-3.38153
-3.42091
-2.73959
-4.31087
-2.82189
-2.57319
-2.65729
-3.57422
-4.43044
-4.95762
-2.75657
-4.66736
-4.29045
-4.55423
-2.89896
-2.8727
-3.97463
-4.12257
-3.009
-4.68917
-3.33679
-3.91013
-2.59784
-4.33818
-4.32579
-3.58542
-2.61242
-4.44494
-3.65366
-4.56928
-3.40288
-4.74801
-4.73083
-3.5354
-4.42913
-2.9385
-4.93767
-4.98462
-3.93016
-4.23821
-4.12879
-2.5796
-2.8398
-3.45133
-3.94418
-4.8105
-2.54625
-4.8797
-3.10704
-2.56741
-2.9926
-4.17291
-4.13118
-2.72379
-3.69341
-2.61073
-3.49836
-4.43972
-3.34865
-3.18188
-2.84251
-4.08669
-4.9984
-3.05408
-4.99925
-4.82187
-3.64854
-3.54844
-3.68504
-4.53294
-2.54009
-3.75008
-2.57353
-3.26977
-2.61054
-2.89712
-4.43348
-3.4617
-3.27385
-3.66085
-2.91431
-3.334
-4.5157
-2.90195
-3.08839
-4.03283
-4.71393
-4.51182
-2.66128
-3.09989
-4.89997
-3.77434
-2.825
-4.74185
-3.82629
-3.52867
-3.84056
-3.33424
-3.54763
-2.55311
-2.67124
-2.96791
-4.24355
-3.76324
-3.75382
-3.03324
-4.7276
-4.35027
-2.54901
-3.77279
-4.32106
-4.12928
-3.30474
-2.80709
-3.7537
-3.44695
-2.87057
-3.25052
-4.03672
-2.6784
-3.32337
-3.32832
-4.14001
-3.56594
-2.8317
-4.8394
-3.24973
-3.2408
-3.06279
-3.77669
-4.81858
-3.35914
-4.51526
-2.99738
-4.52934
-4.55947
-3.53087
-3.26467
-4.2803
-3.95327
-2.59702
-3.0483
-2.70268
-4.00883
-3.8996
-3.05989
-4.99393
-3.01401
-4.04622
-4.76509
-4.37877
-4.00366
-4.46842
-3.19537
-4.6568
-4.28655
-4.10776
-4.12433
-2.5979
-2.82982
-3.32124
-2.55777
-3.37739
-3.71776
-4.37736
-2.85738
-3.95683
-4.99911
-4.99421
-2.66613
-4.58056
-2.90268
-2.89694
-3.84108
-4.59316
-4.72092
-4.52747
-3.25963
-4.5855
-3.51172
-3.9807
-3.59603
-3.50232
-3.45556
-2.61781
-4.9789
-2.79472
-3.37142
-3.48545
-4.92461
-2.99603
-4.21729
-4.98957
-4.6949
-4.76627
-4.15162
-3.83313
-3.47862
-2.73467
-4.11608
-4.03326
-4.50795
-2.59961
-4.20946
-3.34984
-3.30989
-4.35681
-4.96642
-3.08068
-4.49061
-3.61383
-2.60674
-4.00468
-4.1309
-3.06868
-2.84587
-2.9541
-4.54652
-3.31882
-4.47202
-3.66177
-3.30608
-2.78274
-4.50062
-4.47715
-4.93968
-3.71141
-2.74363
-4.70157
-4.3343
-4.05716
-3.67817
-4.07955
-4.97776
-3.65588
-4.41816
-3.56239
-3.1325
-3.01064
-4.85427
-3.17374
-3.55033
-2.95654
-3.1031
-3.84778
-4.59988
-2.64833
-2.93984
-4.84707
-4.76416
-3.76131
-3.83395
-4.71502
-2.797
-4.1303
-2.87243
-4.42894
-4.6733
-4.21477
-2.66617
-2.80187
-3.58293
-3.26146
-2.83049
-4.5856
-2.59433
-2.89453
-3.32626
-4.43874
-4.48247
-4.44967
-3.10596
-4.42344
-4.79413
-4.9094
-4.79721
-4.2777
-2.87475
-3.4889
-2.93944
-3.09086
-3.12432
-3.02186
-3.37444
-4.23773
-3.54241
-4.77729
-4.41978
-3.3154
-4.34722
-3.7526
-4.99028
-4.07977
-3.77636
-4.33674
-2.51734
-3.99042
-4.53886
-4.54132
-3.42919
-4.45272
-4.35387
-3.00052
-4.67143
-2.77812
-4.44027
-2.56789
-3.57902
-2.63291
-3.82922
-2.65297
-3.4542
-4.76342
-3.78956
-3.63397
-3.57581
-3.58602
-2.73528
-4.36626
-3.74555
-3.90941
-3.03077
-3.12838
-3.64878
-2.52614
-4.27933
-2.7709
-3.02976
-3.70274
-4.43778
-3.34313
-3.01141
-2.70067
-2.58764
-3.01632
-2.74933
-3.06577
-3.9302
-4.80905
-3.16621
-4.54279
-3.13379
-4.66171
-4.27983
-3.62719
-4.74154
-3.5613
-4.77014
-4.25019
-2.92424
-2.70784
-3.23449
-4.58179
-3.70126
-4.56893
-4.98482
-4.81875
-3.65434
-3.56514
-4.32722
-2.57058
-3.71023
-2.85166
-2.86696
-2.51109
-3.86285
-3.00153
-4.27403
-3.55851
-2.85961
-3.9153
-4.5165
-3.74223
-3.19441
-3.47267
-2.6233
-4.75101
-2.66315
-4.55957
-2.67581
-4.87698
-4.90692
-3.038
-4.61498
-3.89008
-3.04012
-2.79502
-3.41818
-4.31275
-4.46058
-3.9471
-3.84266
-3.63128
-3.44522
-3.89029
-4.14596
-3.70015
-3.45827
-3.18804
-3.80987
-2.51301
-3.70869
-4.47228
-3.17829
-4.94824
-2.55813
-4.40526
-4.12219
-4.09652
-2.68899
-3.78309
-4.86442
-3.75762
-4.27106
-3.67233
-3.37114
-3.69702
-3.33085
-4.10273
-4.66045
-3.17879
-3.34854
-3.84112
-2.65474
-3.21491
-2.98737
-3.69985
-3.29862
-4.92813
-4.66713
-3.03379
-3.91592
-4.84431
-3.30938
-3.20067
-3.71313
-4.09321
-4.62507
-3.56199
-3.82008
-4.10064
-4.47959
-3.45966
-3.97236
-3.5276
-3.35214
-4.4493
-4.4399
-3.89052
-2.974
-3.96309
-2.63346
-3.14056
-3.42103
-4.83023
-4.17137
-3.2826
-3.13631
-4.4375
-3.59427
-3.84116
-3.39228
-4.00722
-4.34392
-3.24165
-4.95116
-4.09446
-3.03416
-2.54755
-4.11096
-2.96609
-3.5864
-4.20104
-4.30994
-4.58248
-2.7159
-3.68396
-3.76016
-4.55846
-4.11198
-2.50502
-4.30688
-3.27108
-4.53852
-3.95848
-2.59224
-2.8412
-4.51539
-2.6513
-2.87286
-4.08921
-4.7803
-4.96799
-4.58536
-3.71971
-4.65291
-3.91039
-4.37131
-3.57433
-3.7779
-2.6102
-4.6709
-3.82425
-4.16068
-3.46496
-3.01584
-4.78344
-2.78771
-3.05412
-3.0919
-3.02088
-4.36157
-4.82968
-4.9841
-2.71732
-4.99365
-3.28076
-4.79386
-2.88932
-3.30536
-3.2019
-4.28431
-3.93477
-4.15617
-2.70799
-3.20142
-3.77915
-3.66586
-4.53039
-4.7138
-4.89647
-4.97021
-4.31538
-3.64906
-4.78158
-3.94132
-4.28776
-4.3763
-4.89962
-2.87118
-3.47522
-3.09351
-2.58454
-3.34834
-3.08989
-4.22679
-4.65196
-3.04956
-4.03408
-3.27344
-4.15367
-3.18645
-4.72088
-3.79309
-2.91128
-4.86009
-3.57659
-4.26698
-2.56078
-4.07076
-4.68485
-3.33957
-3.071
-4.37728
-3.93615
-4.8522
-3.35062
-3.9235
-4.79965
-2.68711
-4.8356
-4.45868
-4.51027
-4.03672
-2.66116
-3.61139
-4.1076
-3.96309
-2.6461
-3.07409
-3.72363
-3.05019
-4.59046
-4.40168
-4.11336
-3.30402
-3.15796
-3.37019
-2.74813
-2.86466
-3.85295
-4.07561
-3.7917
-4.56027
-4.44041
-4.98012
-3.32724
-3.4163
-2.82625
-3.33897
-3.00721
-4.73742
-4.27543
-4.67393
-4.78346
-3.13759
-3.45094
-4.92783
-4.47502
-4.22091
-3.40011
-3.11366
-3.86449
-2.93947
-3.72668
-4.25423
-3.39823
-4.11116
-3.7481
-4.28671
-4.18191
-2.88938
-4.35541
-3.79809
-4.46138
-4.87634
-4.20449
-4.91462
-2.55997
-2.86105
-3.16639
-4.9395
-3.22879
-3.69257
-3.51328
-2.76902
-3.96298
-3.33226
-2.87631
-4.63416
-3.79562
-2.95552
-3.42066
-3.55311
-4.61724
-4.42295
-3.94462
-4.80665
-2.92627
-4.32434
-4.14328
-3.52316
-3.74346
-3.85916
-3.34848
-2.91602
-4.55934
-3.77681
-4.39515
-4.28047
-4.2754
-4.13689
-3.66044
-3.50038
-3.37889
-3.93999
-4.49566
-3.51935
-4.70324
-4.7943
-2.73797
-4.52692
-3.87523
-3.41218
-3.56001
-3.07376
-3.22083
-2.51597
-3.43237
-2.90743
-2.64107
-3.41052
-3.11786
-4.29911
-2.65223
-3.4426
-4.70725
-4.73025
-3.74719
-4.06364
-2.53019
-4.97718
-3.9838
-3.2446
-4.44805
-3.39334
-4.44371
-2.97563
-3.90807
-2.97012
-3.88108
-4.24478
-4.5166
-2.96624
-3.66723
-2.60205
-2.72098
-4.04998
-3.04011
-2.66524
-4.69281
-4.4875
-3.89477
-4.33438
-2.95196
-3.51393
-3.67106
-4.45764
-4.60102
-4.27695
-2.73628
-3.70518
-3.01785
-3.48545
-4.95524
-2.63762
-3.02311
-4.45821
-4.14672
-3.94408
-3.21368
-4.89134
-3.72581
-4.72063
-4.56796
-3.74982
-3.15987
-2.863
-3.3781
-3.30185
-4.18186
-4.47597
-2.58015
-4.60093
-2.90448
-3.11207
-4.47786
-4.33746
-4.75886
-4.67752
-2.6585
-3.91204
-4.644
-4.22702
-3.60226
-3.2616
-2.65342
-3.48765
-4.421
-3.69356
-2.63808
-3.16744
-2.6774
-4.08912
-3.37394
-3.28515
-3.58699
-4.08425
-4.04418
-3.0394
-3.189
-4.97903
-2.61025
-2.97027
-3.76509
-4.79927
-3.84281
-3.52955
-3.72733
-2.8072
-3.09914
-4.72855
-2.71654
-4.30501
-4.21939
-2.70714
-3.82626
-2.9314
-3.03426
-4.31408
-4.16281
-4.42139
-2.80093
-2.75803
-4.18268
-3.25803
-2.66547
-3.5722
-2.96717
-4.22989
-4.1784
-3.84811
-2.75081
-2.86403
-3.31766
-4.9417
-2.68834
-3.00481
-4.31103
-2.99802
-2.77563
-4.95215
-3.25371
-2.52769
-2.8144
-4.07503
-3.97148
-3.70522
-3.60633
-4.14058
-3.30842
-4.68767
-3.12361
-3.54683
-4.04903
-4.47931
-3.70868
-4.28692
-2.70577
-3.43618
-4.42975
-3.31324
-3.07386
-4.84478
-3.77817
-4.64772
-4.16318
-3.01091
-4.39429
-4.75811
-4.5307
-4.95819
-4.88177
-2.92957
-4.82891
-4.4791
-2.69014
-3.18581
-3.94305
-3.30312
-3.09899
-4.73704
-2.99052
-4.2397
-4.09651
-2.58902
-3.71669
-3.89544
-3.14881
-4.50152
-4.51612
-4.99378
-2.89742
-4.51751
-3.23772
-3.88017
-3.93317
-4.84365
-4.76884
-4.81601
-2.61919
-3.23186
-2.87476
-3.62222
-3.68566
-4.82753
-3.72932
-3.71175
-3.34418
-3.14277
-3.00286
-4.09156
-4.41327
-3.77329
-2.60512
-4.24727
-3.92618
-4.79873
-4.71916
-4.86649
-3.65595
-2.97603
-3.19637
-3.91489
-2.60235
-2.66983
-4.33956
-4.9535
-3.40316
-4.40004
-3.94979
-4.11694
-3.3608
-4.94826
-2.87282
-3.53972
-4.51219
-3.91832
-2.7596
-3.13197
-4.02844
-3.40788
-3.77954
-2.67368
-3.98967
-4.42934
-3.94742
-4.2473
-4.35279
-4.92356
-2.76527
-3.38518
-4.79806
-3.44128
-2.5984
-3.83061
-3.54943
-2.77959
-4.0378
-3.33994
-4.32418
-3.92578
-3.14352
-3.07448
-2.71373
-4.57639
-2.85995
-4.61008
-4.17266
-4.89887
-2.8764
-3.7253
-3.58564
-3.79555
-4.28573
-2.79631
-2.61461
-3.82864
-3.03589
-4.16244
-3.16548
-4.7142
-4.0888
-2.93285
-4.92639
-2.87687
-4.04629
-3.44155
-4.63908
-4.09569
-3.75625
-3.7665
-3.60169
-3.53326
-3.552
-3.46005
-3.13401
-3.36211
-4.49029
-3.26859
-2.75704
-2.57074
-3.91043
-2.53279
-3.64818
-2.53973
-2.71935
-4.15781
-2.75468
-2.87164
-3.61083
-4.64807
-2.52701
-3.8833
-4.12589
-3.78295
-2.55566
-2.93896
-2.59002
-3.03004
-3.36802
-3.78445
-2.78668
-3.20842
-3.91897
-3.61122
-3.69443
-4.8099
-4.95505
-4.52873
-4.43868
-3.46706
-3.40819
-3.98245
-3.0087
-4.74083
-4.09717
-3.61109
-4.17218
-4.26082
-4.09585
-3.92115
-2.71221
-4.10291
-2.54981
-4.62826
-4.6104
-4.44345
-3.49537
-4.11472
-3.53639
-3.67318
-2.64397
-4.68819
-4.42286
-4.96857
-4.27981
-3.2625
-2.90946
-4.2423
-2.82062
-3.62884
-4.97356
-3.04634
-4.83585
-3.56752
-4.34904
-4.33087
-3.98042
-3.91103
-2.68042
-4.8866
-4.12246
-3.68715
-4.994
-4.14087
-3.1858
-3.70839
-4.47139
-3.16242
-3.25946
-4.29683
-4.29589
-3.58131
-3.52765
-4.2122
-4.46569
-4.79777
-3.60014
-2.59763
-3.43547
-4.98395
-2.78146
-3.00131
-3.0693
-3.17342
-3.24627
-4.99561
-3.65316
-3.627
-3.91966
-2.67597
-4.98015
-3.84832
-3.70224
-3.5286
-2.76475
-4.64988
-3.04004
-4.00598
-3.48678
-4.83816
-4.9906
-4.51926
-2.66988
-2.64777
-3.53203
-2.87577
-3.05254
-3.99048
-2.98471
-4.0407
-4.61041
-4.61441
-4.43835
-2.81298
-2.74853
-4.47348
-3.30739
-4.87783
-4.2226
-4.19856
-2.64612
-3.36539
-4.5601
-4.18028
-3.04837
-3.99826
-3.77428
-4.30464
-3.00272
-4.28241
-4.51772
-4.31199
-4.03032
-2.60579
-3.06565
-4.40233
-4.88161
-2.66019
-4.85373
-4.14683
-3.19433
-4.66694
-4.68757
-3.94806
-2.62177
-4.0056
-4.57256
-3.57082
-4.81472
-3.42389
-2.78895
-3.86222
-4.91115
-4.11409
-2.99369
-4.90722
-3.10457
-3.56173
-4.49652
-3.02265
-4.15342
-4.07403
-4.70356
-2.8095
-4.25958
-3.31944
-4.82994
-4.32055
-3.00382
-2.67959
-3.29248
-4.29668
-4.34268
-4.90392
-2.76138
-3.0351
-3.41128
-3.44602
-4.72997
-4.05781
-4.58058
-3.32225
-4.63776
-4.34241
-2.82673
-3.87252
-2.92945
-2.8215
-3.52297
-3.09204
-2.86685
-3.14241
-4.41402
-4.00777
-3.52865
-3.55715
-2.52209
-3.6899
-3.68521
-4.83765
-3.90838
-3.14038
-2.87468
-4.73273
-2.96675
-4.65862
-4.9849
-3.71642
-4.33024
-3.34161
-4.86103
-4.30767
-4.03652
-4.31445
-2.92242
-4.65972
-3.49368
-3.22004
-4.24683
-4.00484
-4.41997
-3.8614
-3.52552
-3.45499
-2.975
-3.25666
-4.64428
-3.98375
-4.96799
-4.45333
-4.67722
-2.59112
-3.98266
-4.08801
-4.73286
-2.63522
-2.66243
-4.94053
-3.05509
-4.48063
-3.41076
-4.63045
-4.05194
-3.38993
-4.51186
-3.30179
-3.15247
-3.63954
-4.70114
-4.49571
-4.36166
-3.95769
-4.3171
-4.95842
-3.60084
-4.35765
-4.089
-3.87516
-4.84944
-4.54376
-4.42706
-3.11942
-3.0528
-3.46446
-4.71899
-4.60116
-4.25157
-3.66952
-3.55201
-3.60306
-4.15825
-2.66036
-2.67482
-3.25794
-3.68877
-4.69349
-3.46597
-4.97637
-2.82413
-2.58144
-3.75501
-2.97209
-4.47357
-4.74936
-2.55761
-3.22519
-3.19211
-4.84578
-3.00067
-4.79542
-4.11004
-2.51467
-3.99087
-4.61455
-4.17411
-4.21292
-4.02092
-4.55667
-3.92411
-4.94859
-3.45811
-2.98222
-4.75038
-4.58497
-4.59858
-3.35529
-4.9188
-2.71308
-3.65956
-3.75887
-2.74727
-3.42327
-4.86667
-4.13398
-4.74864
-2.96653
-3.52322
-4.69577
-4.37722
-2.90409
-3.96407
-4.17679
-4.23061
-3.78405
-3.53921
-3.56206
-2.56847
-3.19323
-3.58453
-2.7422
-3.1744
-4.70741
-4.93887
-2.66029
-4.00959
-4.25435
-2.89038
-3.5686
-4.91582
-2.73791
-3.58644
-4.80807
-4.20963
-3.72028
-4.26676
-3.94281
-4.28205
-3.45651
-3.55658
-2.93249
-3.92462
-3.65097
-4.27088
-3.20813
-4.09157
-4.45927
-4.38663
-3.6754
-4.96342
-2.76562
-4.23135
-3.72389
-4.89387
-3.72057
-4.13353
-4.72983
-4.28462
-4.10117
-3.36741
-3.56032
-3.26638
-3.08366
-4.64613
-4.97528
-4.48219
-4.63461
-3.95487
-4.58304
-4.68021
-2.85809
-3.44221
-3.28325
-4.04067
-4.06465
-4.6556
-4.19022
-4.99266
-4.05714
-3.40202
-2.76869
-3.44396
-2.68598
-3.22619
-2.5875
-3.16322
-4.26911
-3.38059
-2.53491
-4.17953
-2.84985
-4.99087
-3.97086
-3.20609
-4.67701
-3.93382
-3.21657
-3.44292
-2.73296
-2.84134
-4.43986
-3.25615
-3.67858
-3.3737
-4.24702
-4.69213
-3.18419
-4.12886
-3.79175
-2.91242
-4.10363
-4.67661
-4.80023
-4.94503
-3.64986
-3.17439
-4.49475
-3.22833
-3.47467
-3.83888
-2.63659
-3.22189
-2.74876
-3.4643
-4.55632
-3.14373
-4.09787
-2.86826
-4.31441
-4.85609
-3.75653
-3.50355
-4.14987
-4.37761
-4.57072
-2.65392
-4.51332
-2.93936
-4.2403
-4.30591
-4.48943
-3.91443
-4.75941
-3.85042
-4.02309
-3.62992
-3.03112
-4.06763
-4.7166
-4.40403
-3.54482
-2.84011
-3.72968
-4.80348
-4.59696
-3.60135
-2.91955
-3.79848
-3.48554
-3.92076
-3.74614
-3.89772
-3.98866
-4.97576
-2.64652
-2.55329
-3.2039
-2.87429
-3.13886
-4.74948
-4.56257
-3.07575
-4.16355
-4.33657
-4.81155
-2.75977
-3.49983
-4.07783
-3.64412
-4.24063
-4.73632
-3.29911
-3.22328
-3.73994
-4.72577
-3.54412
-3.50732
-2.60357
-3.17179
-3.22938
-3.65552
-3.28875
-3.95516
-4.43429
-4.69357
-4.87311
-4.81299
-4.38303
-3.08191
-2.64046
-3.239
-2.86034
-3.73113
-4.1549
-3.83441
-4.94814
-3.31239
-3.91508
-3.18803
-3.74472
-4.96093
-3.29438
-3.70994
-2.89103
-4.61301
-3.4117
-2.85649
-3.97961
-2.77816
-2.53419
-4.64179
-4.57791
-3.4448
-4.20295
-3.91822
-3.55251
-4.60962
-3.89556
-2.64111
-4.08971
-3.29596
-2.61798
-2.9573
-3.31538
-4.03284
-4.87965
-4.82448
-2.60398
-2.51644
-3.74622
-2.73511
-3.99475
-4.70223
-2.92769
-3.15074
-4.49705
-4.47592
-4.23884
-4.61755
-4.72136
-4.36951
-3.33175
-4.27233
-2.58023
-3.41762
-4.99311
-4.26246
-4.12943
-3.26557
-4.40497
-4.34615
-3.1613
-4.54112
-2.54008
-3.65779
-3.91416
-2.79401
-3.97886
-2.73948
-4.85727
-3.68806
-2.76168
-3.05798
-3.04834
-3.38575
-4.29813
-3.74311
-2.89677
-3.5865
-3.2244
-4.98271
-4.38042
-4.17083
-4.16288
-3.07099
-4.05779
-4.23479
-4.15393
-2.60561
-2.53295
-3.83826
-4.70827
-4.3807
-3.88115
-3.00952
-3.52316
-3.78631
-4.02855
-2.78762
-4.02549
-3.95996
-2.57836
-4.46442
-3.56479
-3.42322
-4.08049
-3.33431
-4.80502
-2.91416
-3.2223
-4.69811
-3.62791
-4.24611
-4.44187
-4.43866
-2.98817
-4.61094
-3.49278
-3.20713
-4.71357
-3.48456
-4.95103
-4.44015
-3.11375
-2.73755
-4.92903
-4.6244
-4.83338
-4.58237
-3.31081
-4.75557
-4.31263
-4.94335
-2.91105
-3.45988
-2.7064
-4.0217
-2.70741
-3.51375
-3.01654
-4.00791
-3.43084
-4.60815
-4.24165
-4.46814
-3.59723
-3.57551
-3.54766
-2.98225
-2.717
-4.69674
-3.1769
-4.22278
-4.83341
-2.60716
-3.57719
-4.37045
-4.09723
-4.65046
-2.71929
-3.03662
-3.97999
-4.24219
-3.53955
-4.24555
-4.98137
-4.38919
-4.16371
-4.47809
-3.28812
-3.39009
-4.7991
-3.51197
-3.15389
-2.50427
-4.26123
-3.52553
-3.59606
-3.94363
-3.04259
-4.31291
-4.61321
-4.20732
-4.93254
-3.71374
-4.40884
-4.32211
-4.21296
-4.71296
-3.28558
-3.32472
-3.58651
-3.40108
-4.44828
-4.67057
-3.19756
-3.88327
-3.57462
-3.59
-4.60578
-4.27029
-3.29774
-2.59235
-4.66286
-3.75096
-4.84609
-3.27756
-3.49139
-4.72051
-2.57286
-4.63686
-4.25113
-3.77137
-2.85394
-3.72607
-4.06829
-3.28234
-3.84038
-2.6879
-3.05489
-3.4905
-4.79183
-3.71505
-3.81886
-3.50424
-3.25751
-3.99041
-4.32631
-4.80384
-3.07766
-3.66176
-3.22762
-4.11641
-4.55727
-4.00958
-3.94813
-3.64557
-3.62135
-4.08279
-4.38783
-3.76088
-4.06985
-4.43042
-4.55016
-4.57047
-3.46527
-3.31795
-4.85993
-3.33632
-3.61237
-3.08031
-3.25344
-3.0601
-3.61226
-3.72192
-4.2768
-2.68733
-3.49181
-4.30948
-4.37061
-4.3256
-2.86763
-3.67967
-4.20574
-3.29855
-3.65154
-3.88082
-4.97166
-3.69965
-2.51638
-2.7817
-4.5181
-3.19484
-3.15997
-4.69335
-3.62062
-4.21855
-3.68821
-2.74978
-3.06506
-4.42533
-3.99582
-2.6625
-3.60543
-3.96833
-3.1658
-2.54302
-3.03799
-4.48463
-3.12822
-3.43348
-3.97707
-2.67984
-2.54751
-3.4325
-4.95524
-2.66102
-3.8211
-3.71812
-3.01062
-4.41812
-2.90165
-3.05474
-3.53132
-3.31688
-4.29972
-2.92103
-3.71482
-4.94938
-4.24871
-3.15214
-2.98544
-3.71263
-3.09773
-3.51373
-2.76277
-3.89513
-2.92827
-2.87763
-4.26398
-4.71653
-3.17555
-3.88706
-4.8617
-3.0651
-2.66214
-2.62088
-4.12556
-3.2221
-3.83989
-4.57839
-4.05841
-4.75676
-4.34475
-4.7909
-3.23656
-4.43142
-3.91235
-4.83885
-4.07813
-3.57994
-3.01979
-3.56684
-2.88456
-3.37307
-3.63519
-4.11866
-4.76078
-4.47511
-3.19879
-4.50949
-3.45567
-4.41552
-4.20883
-2.83723
-2.80672
-2.61988
-4.84971
-4.14437
-4.44275
-4.37399
-3.6531
-2.69347
-4.09229
-4.07314
-4.69241
-2.87224
-3.75049
-4.54678
-2.78132
-3.17459
-2.87142
-4.87818
-2.50192
-4.79168
-3.72926
-2.61543
-2.53082
-2.94923
-2.79238
-4.05695
-2.61045
-3.76345
-4.73558
-3.40674
-4.64532
-3.82771
-4.87376
-3.24081
-3.2947
-4.0702
-2.79329
-4.30917
-4.24042
-3.80547
-3.57893
-3.51819
-2.78161
-3.05191
-3.40561
-3.05891
-3.67763
-2.50636
-4.40458
-2.84981
-4.23372
-3.67639
-4.0582
-3.71662
-2.69935
-3.05749
-4.72914
-2.66309
-3.5088
-4.91238
-4.80642
-4.0402
-3.7087
-4.65462
-2.6799
-3.66323
-2.95957
-4.04997
-2.82383
-2.61846
-3.53973
-4.6911
-3.37216
-3.39727
-2.87399
-3.08748
-3.81488
-4.21946
-4.0211
-2.70551
-4.00894
-3.30491
-3.10556
-2.72061
-2.74201
-4.89825
-4.8316
-4.77298
-4.42182
-4.98018
-4.34416
-4.77881
-4.90379
-3.04386
-3.11821
-2.69929
-4.51764
-2.96092
-4.16195
-4.95902
-3.79338
-2.79413
-3.45727
-3.8481
-4.93766
-4.70829
-4.65971
-3.2033
-2.83926
-4.40037
-4.43832
-4.92354
-4.92819
-3.05265
-3.37683
-4.3801
-3.81349
-3.25845
-4.83781
-4.07623
-4.2416
-3.61691
-4.3897
-2.66264
-3.46606
-4.05368
-2.6211
-2.88906
-3.95597
-3.0492
-2.96058
-3.5037
-4.25548
-4.42458
-3.86163
-4.89572
-4.87776
-2.97386
-4.18677
-4.53894
-3.44359
-3.88354
-3.14731
-4.34463
-2.73836
-3.63625
-4.37962
-3.32875
-3.80317
-4.84192
-3.15889
-3.95914
-3.79145
-2.82567
-3.61822
-3.99745
-2.64699
-2.87908
-3.6267
-4.02608
-3.87202
-4.52935
-4.82696
-4.16362
-2.96557
-4.79518
-2.60553
-3.57461
-3.41567
-4.60154
-3.16174
-4.36605
-2.70214
-4.84699
-3.33213
-3.13452
-4.45012
-3.20713
-4.71173
-2.57318
-4.88378
-4.15737
-2.91345
-3.78214
-3.87354
-2.59119
-2.69872
-4.92953
-3.18782
-2.69272
-4.03578
-4.31891
-2.84756
-3.98033
-4.9863
-4.71263
-2.60474
-2.80582
-4.90734
-2.61632
-2.52133
-3.45558
-2.89243
-3.13988
-4.48548
-4.90455
-3.28781
-3.20246
-3.79161
-3.0802
-4.00045
-3.06862
-4.35417
-2.97212
-4.90713
-4.11398
-3.70344
-3.79587
-4.66515
-4.6373
-4.1548
-4.70357
-2.93269
-4.66437
-4.04721
-3.98302
-2.57687
-4.42141
-3.16184
-3.62313
-3.92211
-3.90886
-3.72662
-3.37508
-4.92965
-2.5763
-4.93215
-4.71101
-2.94911
-3.25003
-3.2846
-4.23458
-3.07164
-2.62922
-4.36488
-2.99988
-3.98836
-4.88193
-3.11942
-3.05132
-3.47228
-3.65398
-4.95764
-3.0258
-4.56727
-4.61353
-4.61877
-2.59193
-2.56871
-4.80943
-4.56883
-3.30536
-3.12479
-3.30825
-4.33333
-2.80574
-3.61878
-3.40604
-2.77207
-2.65123
-4.26255
-3.15205
-3.94225
-4.9204
-4.72931
-3.02734
-3.05082
-2.57017
-4.28845
-3.52992
-4.79692
-4.30804
-2.69466
-4.16536
-4.69217
-3.72278
-3.7306
-2.66101
-3.56788
-2.81299
-2.90042
-4.79311
-2.71768
-3.63027
-3.90276
-3.64897
-3.16451
-3.43238
-3.0051
-4.23266
-3.36494
-4.5715
-3.23423
-2.76287
-3.05941
-4.43892
-4.84939
-3.71453
-2.66956
-4.84652
-2.9247
-2.94374
-2.9458
-2.60646
-4.33766
-3.01708
-3.00295
-3.0992
-3.19509
-4.80453
-4.67328
-3.86405
-3.12904
-4.73837
-2.82389
-3.62963
-3.22196
-3.89873
-3.4692
-4.42434
-4.90086
-3.7519
-3.1363
-4.3151
-3.84326
-3.67392
-2.60421
-4.02763
-4.82224
-4.96385
-2.50699
-4.89867
-4.43726
-4.57505
-2.9389
-4.16808
-2.8786
-3.06106
-4.79891
-2.80611
-4.81627
-4.56318
-3.34757
-2.57782
-2.98676
-3.41032
-4.7801
-4.22091
-3.37244
-3.12758
-2.79967
-4.11126
-2.89449
-2.73351
-4.59552
-4.32438
-4.9353
-2.64732
-3.50207
-4.25251
-4.39291
-4.08568
-2.9745
-4.88616
-4.19142
-2.70153
-4.68564
-4.07374
-4.85347
-4.69796
-3.69635
-4.59956
-4.81333
-2.57579
-3.86709
-4.22873
-4.81858
-3.42541
-3.31148
-3.58545
-3.14933
-3.26605
-2.56778
-4.11496
-2.56729
-3.39559
-4.60911
-2.85214
-3.36081
-2.7079
-4.13894
-3.24628
-2.73032
-3.47142
-4.23061
-3.83711
-2.86542
-4.06615
-4.71636
-2.8551
-3.12782
-4.2047
-3.37718
-2.83704
-4.65671
-2.80438
-3.1526
-3.1994
-4.78929
-3.53848
-3.78313
-3.13074
-3.28014
-4.36618
-4.9
-4.27519
-3.08575
-4.70445
-2.64149
-2.96803
-3.63369
-3.95445
-4.99519
-4.1266
-3.34311
-2.68336
-4.29428
-3.89056
-3.69604
-4.31058
-2.89148
-4.55511
-2.69444
-2.95736
-4.39005
-3.64422
-3.32447
-4.36735
-4.53718
-3.89711
-3.6777
-3.54371
-4.08071
-4.55724
-3.51546
-4.30987
-3.50355
-4.24527
-2.82325
-2.8996
-3.59903
-3.94595
-4.55184
-2.71418
-4.66681
-2.61262
-2.82083
-4.64973
-3.036
-3.49066
-2.56395
-4.72845
-3.61299
-3.52759
-3.24492
-4.88161
-2.64699
-2.88371
-4.06284
-4.22224
-3.12222
-2.69394
-4.56027
-4.53756
-2.69291
-4.7783
-3.91107
-3.29959
-3.66987
-4.44851
-3.64572
-3.54207
-4.0495
-2.503
-2.89331
-2.8083
-4.05415
-3.06757
-4.12456
-4.04184
-3.6674
-3.01125
-2.61875
-3.27133
-3.82053
-4.07081
-3.15415
-4.29463
-4.79016
-3.19612
-4.6585
-2.94742
-4.82634
-3.81869
-3.15951
-4.40228
-4.0679
-4.17636
-4.56838
-3.29261
-3.88466
-4.48033
-3.45882
-4.88345
-3.67445
-3.98521
-4.36157
-4.85062
-4.34768
-3.96156
-4.38275
-3.43312
-3.00968
-3.73367
-4.26848
-2.81978
-4.58781
-4.80283
-3.59496
-3.04029
-3.18182
-4.28902
-3.11387
-4.85499
-2.80645
-3.03334
-3.7732
-3.59036
-3.26607
-2.7941
-2.85894
-2.78419
-3.91078
-3.4057
-4.60441
-3.7735
-3.77835
-2.69276
-4.7281
-2.65164
-3.69436
-3.671
-3.57612
-3.84225
-4.17149
-2.67867
-2.9674
-3.0499
-4.6151
-3.52785
-2.58695
-3.88878
-3.70171
-4.68365
-3.16232
-4.18402
-3.24008
-3.44454
-4.80975
-4.98276
-2.72799
-4.38444
-4.33026
-3.73365
-3.91768
-4.46727
-3.96825
-4.45729
-3.63546
-3.74216
-4.52451
-3.37525
-2.85072
-4.58266
-3.28458
-3.993
-2.82897
-3.98194
-4.48193
-2.80718
-2.76568
-2.73224
-3.26277
-4.86951
-4.33932
-3.4036
-4.37277
-3.20298
-4.91265
-4.38651
-4.09805
-3.38832
-4.94495
-4.72683
-3.81606
-4.05704
-4.16809
-3.07173
-4.08483
-3.74925
-3.64474
-4.67977
-2.9285
-4.29108
-2.76187
-3.82381
-4.29426
-3.65262
-4.61843
-4.51977
-3.78084
-4.59917
-3.28778
-2.68342
-2.7055
-3.83524
-3.8237
-4.94544
-2.98093
-2.97317
-2.59911
-3.17635
-4.87059
-4.93809
-4.47135
-2.51555
-3.83243
-4.12794
-3.21586
-4.03722
-3.5035
-3.35706
-4.59968
-4.25159
-3.89556
-2.69217
-4.87378
-3.62068
-2.81009
-4.26352
-4.52407
-3.49896
-4.47193
-4.73353
-3.97512
-4.86749
-2.93805
-4.78399
-4.57777
-3.5394
-4.22145
-4.90047
-4.72772
-3.76304
-2.88444
-3.71354
-3.41331
-4.9421
-4.42988
-3.01129
-3.2905
-3.48854
-4.31434
-3.65826
-4.39806
-3.10899
-2.74718
-4.35193
-2.86726
-4.97541
-4.26841
-4.12444
-4.49258
-4.31295
-2.81369
-4.6682
-3.49789
-4.04718
-3.4085
-4.21668
-4.82372
-4.80229
-4.51215
-3.17564
-2.9812
-4.96492
-2.92417
-3.96089
-3.14755
-3.37482
-3.12237
-2.59691
-3.76506
-4.31766
-4.33617
-2.96704
-4.54484
-2.64333
-3.89821
-4.72048
-4.57902
-4.60243
-3.0553
-2.94804
-2.74126
-4.90141
-3.05301
-4.41871
-2.73717
-3.56617
-4.0738
-3.31742
-3.37849
-4.71487
-2.88968
-4.42204
-3.73138
-3.23486
-3.29875
-4.55865
-4.71267
-3.30361
-3.80146
-3.5736
-3.92648
-4.80371
-3.46352
-3.85905
-4.06194
-3.95628
-3.14343
-4.06457
-3.28595
-4.4196
-2.78324
-2.99081
-3.97164
-3.81629
-2.9009
-2.9662
-2.95869
-4.15725
-3.38215
-3.80691
-2.79019
-4.7427
-3.12609
-2.66752
-2.9929
-4.24978
-3.55013
-4.45123
-4.30086
-4.55805
-4.58554
-4.1942
-4.40467
-4.26914
-3.94045
-4.59058
-3.90625
-4.88704
-3.99519
-4.71625
-3.54271
-4.76453
-4.90221
-3.97288
-4.76404
-4.18314
-3.44738
-2.55579
-2.63422
-3.28191
-4.04489
-4.93677
-4.83071
-4.74365
-3.98805
-4.57773
-2.85657
-2.87828
-2.72512
-3.65033
-3.65349
-4.24283
-4.18838
-4.16392
-3.02893
-4.81144
-3.41379
-3.01058
-3.8395
-2.98413
-4.26426
-4.38044
-4.5031
-3.59968
-4.79494
-3.54914
-2.86786
-2.56619
-4.88479
-3.73451
-3.36717
-4.59517
-3.4614
-3.20323
-4.14329
-3.78211
-3.50003
-4.95025
-3.93472
-3.35199
-4.37141
-2.86555
-3.83147
-3.00029
-3.42659
-3.26188
-4.84965
-3.06627
-4.78359
-2.85184
-3.4508
-2.67459
-4.41697
-3.55964
-4.3805
-3.0941
-4.96735
-3.67685
-4.37753
-3.12075
-2.97676
-2.90429
-4.97604
-4.78615
-3.28486
-3.651
-4.84549
-3.21254
-3.13432
-3.55195
-2.65721
-4.65886
-3.97915
-2.51313
-3.17346
-3.87631
-4.1164
-4.27061
-3.60924
-3.01419
-4.43786
-4.68936
-4.15519
-3.76115
-3.64346
-3.14074
-3.96637
-2.82782
-4.64731
-4.78206
-4.52798
-4.19389
-4.24249
-3.5883
-3.61499
-4.69669
-4.79605
-4.64473
-3.9544
-4.03481
-3.12462
-3.01403
-4.22568
-3.42657
-2.90881
-3.35118
-3.32117
-3.92952
-3.38985
-3.15451
-2.87435
-4.13243
-3.80053
-3.04723
-4.85663
-2.79626
-4.25268
-4.74319
-3.83274
-4.37679
-3.17771
-2.69161
-2.9476
-2.86442
-4.81498
-2.81151
-3.00374
-3.81795
-3.3481
-4.08273
-3.39273
-4.05996
-3.24214
-3.21277
-4.52784
-4.45733
-4.35993
-4.86637
-4.02017
-4.47134
-4.78197
-3.08714
-3.08709
-4.80268
-3.59902
-3.66659
-4.31049
-3.8822
-3.15035
-2.98608
-4.57267
-2.89216
-3.45993
-3.50546
-3.70102
-3.1218
-3.04559
-4.71956
-4.19344
-4.06854
-4.99858
-3.70645
-4.27609
-3.20058
-4.68855
-3.03208
-2.70831
-3.51629
-3.26223
-3.35114
-2.68835
-3.11281
-4.53251
-2.85147
-4.64745
-4.64002
-4.89048
-4.24339
-3.64749
-3.36543
-2.73345
-3.53389
-4.05227
-3.96236
-2.90355
-4.95823
-2.98628
-2.90833
-2.784
-3.11529
-3.63156
-3.09336
-2.6692
-3.81385
-4.45338
-2.91633
-4.69099
-3.96028
-2.85985
-2.93884
-3.09338
-2.93837
-2.72723
-4.10942
-4.54099
-2.8882
-4.51409
-3.34181
-3.29362
-3.29502
-4.3638
-4.82243
-3.137
-3.51665
-4.40951
-3.19338
-3.55571
-3.29881
-3.05489
-3.48656
-3.69409
-4.02337
-3.34716
-3.2887
-3.23052
-2.85049
-3.19679
-3.45739
-3.39448
-3.45197
-4.72089
-4.05633
-4.68478
-4.6451
-2.77378
-3.89301
-4.75301
-3.91642
-3.29961
-3.97418
-3.96656
-3.46966
-4.50582
-4.37161
-3.68356
-4.6056
-3.76565
-4.29665
-3.76409
-3.14409
-2.74892
-3.67747
-4.76134
-3.84077
-4.3391
-4.78645
-3.39554
-3.81319
-3.28793
-2.68856
-4.13611
-3.04282
-3.14443
-3.41046
-4.62688
-3.98438
-2.90633
-4.16289
-3.21965
-2.61807
-4.45789
-3.71319
-2.51929
-4.1627
-4.95075
-4.74357
-2.61593
-3.37271
-2.63148
-4.83715
-2.97306
-3.22579
-3.29138
-3.18067
-4.94251
-3.80541
-4.94471
-3.23309
-3.56931
-4.32816
-3.44564
-3.44623
-3.35424
-4.73443
-4.07121
-4.8186
-3.6539
-3.55721
-3.48283
-3.43993
-4.90555
-2.58122
-2.58253
-4.5227
-2.95415
-2.96821
-4.19529
-2.7218
-2.74118
-3.47171
-4.05872
-4.82746
-2.67769
-3.97916
-2.65704
-4.32454
-2.56917
-2.5457
-3.02819
-4.72128
-3.04707
-4.56285
-2.75203
-3.32081
-2.9056
-4.412
-2.51604
-4.66106
-3.35363
-4.50961
-3.04136
-3.57837
-4.24917
-3.30414
-2.61166
-4.14824
-4.50471
-3.19709
-3.53843
-2.85729
-2.53924
-4.55954
-4.7022
-4.86773
-4.45084
-2.82526
-4.2056
-3.57492
-3.63517
-3.79668
-3.29618
-3.87216
-4.33236
-3.96534
-2.97474
-4.00001
-3.21438
-4.08309
-4.54099
-2.84441
-3.56017
-3.23003
-4.64613
-4.96232
-4.28715
-4.10781
-4.88891
-2.85326
-4.80276
-4.99925
-4.92111
-4.0477
-4.62393
-4.36872
-2.52151
-3.94257
-2.77581
-3.07814
-4.2482
-4.51646
-3.20346
-3.13308
-2.60229
-4.14822
-4.05438
-4.51276
-3.50819
-4.6287
-4.6124
-3.14796
-2.75498
-2.99192
-2.73565
-3.09603
-4.99606
-3.85687
-4.88915
-4.51744
-4.6137
-4.92303
-3.8968
-3.51171
-3.7382
-2.89767
-3.57141
-4.68122
-4.82496
-3.02851
-2.61729
-3.74817
-2.98631
-3.46523
-2.68416
-2.601
-2.52832
-3.47806
-3.25751
-3.89113
-3.26947
-4.95032
-2.60073
-3.00936
-3.23034
-4.85546
-3.15833
-4.63467
-4.86874
-3.92172
-4.82467
-3.28737
-3.34061
-3.10004
-4.8229
-3.40048
-4.39867
-3.44294
-3.07149
-2.50837
-3.14807
-4.66761
-3.52543
-4.4533
-4.1619
-3.98546
-3.65022
-4.27008
-4.67411
-2.7676
-2.50967
-2.59325
-4.78325
-4.62689
-4.21647
-3.65944
-4.13872
-4.48931
-4.3305
-2.69256
-3.82128
-4.25247
-3.69761
-3.26858
-4.99767
-3.40844
-3.15005
-2.86742
-2.74194
-3.73229
-3.66077
-4.08109
-3.37179
-4.64907
-4.35198
-3.68949
-4.33544
-3.16356
-4.9073
-4.51854
-3.16507
-2.82107
-3.69536
-2.87829
-2.88282
-4.13676
-4.10073
-3.54298
-4.44822
-3.69153
-3.47795
-3.93549
-3.73636
-4.57243
-3.90636
-4.22403
-3.21598
-3.50846
-4.25505
-4.55857
-3.45503
-3.66759
-3.69322
-4.43727
-4.72718
-4.70466
-3.74653
-2.89054
-3.72424
-3.3181
-4.73584
-2.7492
-3.38707
-3.94073
-4.39946
-4.14249
-2.79924
-4.2755
-3.38144
-4.41995
-3.59374
-4.93317
-4.25297
-4.64048
-2.61714
-3.74011
-2.55788
-2.79467
-2.51625
-3.18018
-4.32007
-4.94274
-2.57318
-4.86668
-4.2473
-4.41582
-4.1316
-4.77713
-4.16537
-4.90624
-4.11013
-3.92517
-2.88874
-3.58374
-4.39413
-4.68828
-3.44027
-3.17263
-4.8177
-3.64333
-3.48528
-4.64414
-4.06603
-2.81447
-2.8572
-3.47847
-2.63614
-3.11082
-3.56517
-4.84452
-4.38953
-4.83301
-3.47876
-4.94944
-2.66591
-3.39438
-4.26216
-4.06821
-4.4222
-3.88817
-3.53896
-4.24846
-3.87231
-4.37483
-2.8312
-3.91971
-3.58187
-2.97913
-2.66436
-4.95501
-3.83634
-4.79057
-2.56421
-4.13102
-2.56495
-4.18949
-2.70363
-4.93567
-3.75807
-4.39167
-3.33202
-3.82941
-3.41698
-4.11759
-4.35205
-4.9737
-3.04225
-3.55186
-3.66082
-4.96261
-4.13056
-4.75453
-4.40959
-4.42728
-4.30339
-4.5339
-3.83469
-4.56922
-4.7994
-3.57757
-3.15843
-3.66005
-4.41249
-3.28803
-4.38201
-3.45386
-4.03342
-4.71335
-4.75337
-4.96822
-3.38082
-3.9566
-3.62095
-4.73174
-3.83885
-4.47393
-3.41736
-3.14613
-4.55763
-2.65433
-3.86942
-3.33021
-3.39268
-3.28773
-4.40859
-2.63563
-4.51933
-3.81402
-4.65702
-2.97408
-2.93856
-3.29497
-3.63393
-2.93716
-4.77366
-3.45198
-4.86887
-3.60706
-3.79241
-4.07247
-3.57032
-3.86382
-4.2491
-4.55106
-4.5964
-4.18011
-2.53209
-4.33471
-3.4831
-3.04379
-4.50943
-4.912
-3.52263
-4.8501
-3.19551
-4.4637
-3.86499
-3.83253
-3.33721
-3.5688
-3.23958
-2.69231
-4.72171
-2.78597
-3.79577
-2.94972
-3.52721
-4.30225
-2.97441
-3.34575
-4.59511
-2.57301
-4.52005
-3.49415
-3.75901
-2.75899
-2.84562
-3.78272
-3.72082
-3.23815
-3.5382
-4.0519
-2.74936
-3.47274
-3.89518
-3.7858
-2.97307
-3.43913
-4.01148
-3.48175
-2.74511
-4.5403
-3.77213
-3.16933
-4.42149
-4.44819
-3.17399
-2.71287
-2.64454
-4.34977
-4.00694
-4.68277
-3.28117
-4.08942
-3.33539
-2.85057
-4.52494
-3.24888
-4.00667
-2.52598
-4.153
-4.47764
-3.27377
-4.68472
-3.57209
-3.61418
-3.51432
-2.6733
-2.69625
-3.44776
-4.03968
-4.91672
-2.73417
-3.27306
-2.77803
-2.90041
-4.67923
-3.84287
-4.57283
-3.04334
-4.38566
-4.80835
-3.93321
-3.02347
-2.96996
-3.58331
-4.61627
-3.22602
-4.71708
-2.5352
-4.07213
-2.71158
-3.491
-3.16095
-3.6488
-2.87014
-3.52281
-2.90284
-2.99631
-3.98666
-3.78882
-3.68924
-2.51004
-3.67418
-4.51388
-4.85013
-3.69597
-3.14756
-3.54731
-4.71522
-3.63821
-4.91396
-4.00757
-2.69663
-4.83038
-4.2232
-4.33611
-4.52964
-4.60627
-2.51586
-4.07866
-2.52462
-3.74248
-4.83352
-4.53384
-2.72103
-4.89965
-3.44008
-4.95704
-3.04438
-4.36263
-2.69883
-4.23314
-3.89994
-3.82823
-3.6053
-4.36069
-2.53945
-3.02975
-3.55746
-2.76759
-4.91934
-4.31833
-3.20882
-3.15775
-4.75063
-3.82303
-3.62624
-3.69332
-3.55173
-3.99981
-4.74855
-3.88899
-4.7801
-4.21999
-2.91675
-4.34396
-3.90828
-4.01111
-4.66679
-4.70577
-4.82891
-4.50706
-2.60889
-2.58583
-4.97064
-4.11408
-2.83068
-2.80394
-3.23472
-3.52611
-3.28688
-2.6502
-4.33168
-2.51914
-4.15767
-2.99321
-4.37006
-2.67495
-2.89919
-4.26992
-4.53161
-2.84881
-4.92869
-3.96271
-3.75321
-2.74722
-2.57225
-4.27643
-4.00025
-4.77992
-3.68906
-4.44869
-4.18182
-3.82507
-2.91116
-2.7953
-3.11963
-4.19285
-4.18973
-4.25434
-2.77752
-4.29369
-4.08708
-4.00301
-3.58288
-4.9166
-3.32626
-4.49106
-3.81259
-3.17125
-4.1821
-3.47242
-3.53629
-4.40266
-3.00785
-2.87418
-3.79676
-4.70029
-2.73788
-3.0942
-4.23888
-2.91289
-4.42023
-3.37136
-2.50478
-2.91092
-3.76014
-4.20913
-2.9228
-3.56146
-4.95824
-3.20544
-3.79524
-4.12203
-3.96561
-4.94612
-4.49798
-2.53607
-3.72309
-3.95098
-4.15414
-3.70791
-3.91723
-4.46695
-3.54437
-2.65282
-3.36804
-4.08786
-4.67788
-3.63775
-4.63796
-2.66509
-4.69469
-3.61206
-2.84296
-4.15215
-2.64553
-3.38385
-4.8824
-3.4315
-3.283
-4.81476
-4.24941
-4.89484
-2.61161
-3.32706
-2.90229
-3.80866
-4.67334
-4.75491
-3.24662
-3.40318
-4.82178
-4.69235
-4.29874
-3.86978
-4.44276
-4.53598
-3.65647
-4.33462
-4.50339
-3.52303
-4.10017
-4.07819
-4.55297
-4.28414
-3.58754
-3.20884
-3.49178
-3.78343
-3.05818
-3.81387
-4.69901
-3.72981
-4.36403
-3.69467
-3.75959
-4.9729
-4.58866
-4.10751
-4.94493
-4.44596
-3.25369
-4.77104
-4.36148
-3.3875
-3.68703
-2.93559
-3.38722
-3.93001
-4.1372
-3.86028
-4.70682
-2.55495
-3.58765
-2.54819
-2.50275
-3.64625
-2.51218
-4.77001
-4.48698
-2.65551
-3.64979
-4.43597
-2.784
-3.13116
-2.82442
-2.58315
-2.58235
-3.99943
-3.39313
-3.29929
-3.5892
-3.73374
-2.94969
-2.9893
-3.71007
-2.72061
-2.82219
-2.50289
-3.50813
-3.64358
-2.62216
-3.21704
-3.81625
-4.74783
-4.29547
-3.97258
-4.59699
-4.12002
-2.75761
-4.65219
-4.3764
-4.2375
-4.71882
-4.16205
-4.05061
-3.64682
-4.58147
-3.19472
-3.72541
-3.02519
-4.31905
-2.78569
-4.11863
-4.32331
-4.3416
-4.25029
-4.61374
-3.09901
-2.64441
-4.5324
-3.49672
-4.33588
-3.12373
-3.04234
-2.56771
-3.05732
-4.37944
-2.78136
-3.77691
-3.51959
-3.76377
-2.71607
-4.05827
-4.82824
-3.16909
-2.95943
-4.10063
-4.25765
-3.37683
-4.39444
-4.85648
-2.90521
-2.81418
-2.8722
-2.98431
-4.82617
-3.40929
-4.9733
-3.79079
-4.32123
-4.45161
-3.13306
-4.80937
-3.51765
-3.63619
-3.38495
-3.36241
-4.53376
-3.85003
-4.93877
-3.38875
-4.77356
-4.21165
-2.63977
-4.04057
-4.9092
-3.95381
-4.16345
-2.67013
-4.29917
-3.60753
-4.27386
-3.28189
-3.71197
-4.64811
-3.26932
-4.91366
-3.90168
-3.10134
-4.19621
-3.17038
-4.65426
-4.15127
